0.055463
0.116244
0.148449
0.15753
0.188874
0.21949
0.246603
0.284734
0.4118
0.444447
0.349841
0.363185
0.366085
0.37392
0.279731
0.344765
0.348949
0.352073
0.386708
0.385946
0.352356
0.331589
0.340118
0.342634
0.338132
0.358246
0.360936
0.40981
0.412036
0.49211
0.316972
0.318914
0.221277
0.223183
0.224564
0.194524
0.230847
0.231893
0.232747
0.230581
0.449571
0.456037
0.452788
0.456681
0.453951
0.452781
0.452841
0.456632
0.459929
0.460128
0.457417
0.457366
0.466422
0.463837
0.46772
0.463068
0.46118
0.458383
0.462342
0.465477
0.44921
0.45277
0.44965
0.451272
0.446261
0.44826
0.448836
0.44944
0.448294
0.450291
0.449125
0.450488
0.448127
0.446625
0.447207
0.450307
0.451474
0.451378
0.45101
0.454908
0.447162
0.449433
0.453086
0.451507
0.449818
0.450074
0.451843
0.452558
0.450856
0.450142
0.449071
0.451211
0.4586
0.457973
0.457206
0.450932
0.449994
0.449597
0.452702
0.454385
0.450545
0.44353
0.440984
0.440446
0.441654
0.440981
0.440237
0.441631
0.445166
0.451073
0.448119
0.447334
0.436803
0.436494
0.444182
0.443379
0.44347
0.444811
0.444226
0.443112
0.438945
0.444316
0.443254
0.438342
0.436467
0.437868
0.440657
0.443818
0.439089
0.451362
0.44763
0.449697
0.439781
0.438976
0.442217
0.446175
0.445548
0.446339
0.447573
0.448478
0.444616
0.443902
0.444501
0.442224
0.441026
0.44538
0.446472
0.449049
0.44778
0.445679
0.44268
0.440627
0.445995
0.445638
0.446324
0.440989
0.442262
0.441673
0.442711
0.440808
0.447793
0.448952
0.451019
0.439948
0.439973
0.441304
0.442617
0.443467
0.443614
0.440222
0.438122
0.439595
0.431783
0.428243
0.427724
0.427464
0.425128
0.427774
0.42813
0.430462
0.428754
0.427804
0.428968
0.440473
0.443342
0.444057
0.435395
0.435188
0.436206
0.439817
0.437543
0.43887
0.436259
0.436551
0.434513
0.435207
0.436709
0.434286
0.43816
0.440232
0.438229
0.437235
0.438367
0.438127
0.436296
0.435278
0.435708
0.437066
0.434385
0.433962
0.434835
0.434668
0.433194
0.432135
0.429673
0.433194
0.436625
0.439553
0.435485
0.433057
0.428957
0.428511
0.429324
0.433299
0.434158
0.43498
0.430614
0.430115
0.431502
0.43179
0.430889
0.429995
0.432816
0.432512
0.433354
0.43053
0.429818
0.430504
0.430606
0.429828
0.42542
0.428381
0.428921
0.425664
0.429704
0.430036
0.430419
0.428342
0.428302
0.429431
0.430765
0.429322
0.429905
0.431297
0.433628
0.432572
0.432718
0.430734
0.435462
0.436757
0.429442
0.43101
0.431205
0.432971
0.432724
0.432978
0.437805
0.438556
0.437482
0.436065
0.434425
0.434911
0.435951
0.436016
0.437577
0.437007
0.436878
0.43652
0.437465
0.438285
0.43287
0.431853
0.433185
0.436435
0.435484
0.431771
0.427968
0.427955
0.427693
0.4293
0.429829
0.429321
0.429822
0.429202
0.429678
0.433055
0.432494
0.4314
0.432556
0.435815
0.441545
0.443276
0.441415
0.429498
0.427084
0.434391
0.434339
0.43484
0.445351
0.443374
0.442588
0.431441
0.431858
0.430293
0.43637
0.449247
0.449704
0.455862
0.444751
0.437152
0.434848
0.434922
0.43441
0.436255
0.437432
0.432295
0.433535
0.433319
0.431763
0.431911
0.414898
0.413296
0.417114
0.419793
0.424029
0.426335
0.425638
0.42619
0.425378
0.425044
0.422366
0.42289
0.423731
0.422558
0.415754
0.415884
0.41812
0.421789
0.42914
0.429014
0.43887
0.432249
0.42528
0.41633
0.411085
0.41895
0.40766
0.408232
0.403571
0.409237
0.417447
0.416896
0.42048
0.391002
0.392399
0.401848
0.401313
0.403618
0.39765
0.404137
0.409632
0.421286
0.42818
0.400309
0.37691
0.370867
0.381208
0.391696
0.391898
0.390359
0.379889
0.399735
0.401068
0.401051
0.397924
0.39038
0.402506
0.397322
0.39231
0.3884
0.385385
0.389996
0.390735
0.37648
0.367264
0.387567
0.404888
0.403218
0.403367
0.36822
0.36868
0.36122
0.353138
0.348854
0.347852
0.361002
0.395237
0.386334
0.379703
0.377879
0.39131
0.407509
0.395768
0.394179
0.391081
0.359514
0.357242
0.350108
0.341343
0.373462
0.401623
0.430755
0.425725
0.429244
0.43601
0.46752
0.486293
0.47858
0.478431
0.462196
0.46461
0.4772
0.490537
0.480224
0.455373
0.463069
0.497803
0.494825
0.51294
0.546615
0.585148
0.574643
0.534075
0.513931
0.504276
0.521213
0.537034
0.540714
0.552618
0.548495
0.548913
0.532758
0.538248
0.514156
0.523172
0.502034
0.498865
0.496086
0.506451
0.513074
0.522263
0.550745
0.530531
0.534151
0.514666
0.528714
0.549406
0.542906
0.545332
0.542246
0.530777
0.526082
0.541194
0.54957
0.553378
0.581197
0.602329
0.605275
0.564574
0.573798
0.614596
0.642817
0.626793
0.635153
0.627186
0.627394
0.630393
0.640379
0.678147
0.678328
0.67387
0.65653
0.666276
0.636393
0.641274
0.656989
0.678249
0.638945
0.632035
0.617603
0.593561
0.635044
0.651927
0.625505
0.579632
0.566163
0.57476
0.6005
0.608569
0.614056
0.562696
0.569858
0.565096
0.575136
0.573208
0.591159
0.569913
0.594127
0.589328
0.601678
0.528986
0.515934
0.536197
0.539539
0.536441
0.544721
0.552691
0.56567
0.552645
0.567945
0.540222
0.537039
0.548169
0.544777
0.54179
0.538927
0.526664
0.575453
0.553492
0.555356
0.478569
0.477799
0.475863
0.480065
0.488017
0.496672
0.511121
0.525149
0.528428
0.559378
0.549819
0.55433
0.538193
0.550824
0.537805
0.576509
0.565298
0.583928
0.56898
0.59143
0.59342
0.592449
0.575843
0.586574
0.580308
0.599748
0.583869
0.592672
0.581605
0.587173
0.573577
0.568653
0.567751
0.554867
0.533339
0.538339
0.534938
0.542622
0.556188
0.566538
0.577949
0.549089
0.559508
0.560258
0.551778
0.543671
0.547885
0.541743
0.563935
0.554788
0.569301
0.553071
0.551541
0.536308
0.536518
0.538094
0.546252
0.558725
0.5436
0.523481
0.479176
0.498539
0.517796
0.514321
0.504649
0.485443
0.4868
0.4756
0.466515
0.482049
0.489585
0.5019
0.496928
0.501661
0.501248
0.484506
0.477536
0.476611
0.478877
0.47882
0.45673
0.477849
0.458365
0.458645
0.44475
0.447655
0.441746
0.433313
0.428855
0.435325
0.417221
0.433136
0.435098
0.428364
0.417079
0.398116
0.415231
0.412572
0.438073
0.439993
0.432516
0.408683
0.412536
0.422752
0.430513
0.425053
0.425822
0.417641
0.412234
0.432589
0.442857
0.464602
0.469375
0.453307
0.437739
0.432912
0.439322
0.445452
0.467256
0.465948
0.462718
0.442563
0.441532
0.427836
0.432966
0.426161
0.433533
0.4408
0.457314
0.445705
0.442405
0.446733
0.451165
0.465919
0.457858
0.466318
0.439018
0.443872
0.418299
0.43561
0.428362
0.429951
0.412836
0.404034
0.408607
0.408757
0.412106
0.410664
0.418919
0.429085
0.415496
0.42609
0.421365
0.447956
0.446595
0.466206
0.448859
0.446196
0.441167
0.452735
0.452078
0.459533
0.452634
0.459645
0.453551
0.448656
0.472387
0.468915
0.479328
0.470441
0.471169
0.468647
0.457787
0.441028
0.452106
0.458094
0.451523
0.459939
0.442813
0.440624
0.426069
0.426273
0.400001
0.397528
0.411484
0.411649
0.411902
0.415592
0.409998
0.414527
0.407323
0.397982
0.412148
0.435148
0.440997
0.43601
0.441524
0.438426
0.435239
0.424422
0.426909
0.435561
0.438775
0.458538
0.456475
0.441972
0.445721
0.449754
0.444415
0.456489
0.469027
0.462062
0.453592
0.43293
0.448328
0.454413
0.472179
0.48579
0.472462
0.467677
0.452885
0.462617
0.475031
0.475662
0.459695
0.433684
0.434973
0.443589
0.444604
0.44344
0.454867
0.455331
0.469237
0.473523
0.474161
0.472023
0.463954
0.477204
0.477483
0.480649
0.476132
0.48775
0.504898
0.505348
0.508594
0.512674
0.527459
0.519217
0.517113
0.506068
0.50331
0.505884
0.506584
0.505051
0.511979
0.517947
0.520109
0.513051
0.51134
0.510869
0.4961
0.511362
0.530124
0.541847
0.536495
0.52147
0.517676
0.521408
0.52012
0.51243
0.503448
0.512645
0.517956
0.513473
0.518949
0.517929
0.519282
0.522564
0.523577
0.520632
0.516327
0.513056
0.521785
0.523064
0.518872
0.517859
0.530308
0.541181
0.5498
0.549696
0.517763
0.530825
0.531634
0.534962
0.52484
0.529041
0.528916
0.540618
0.54774
0.555725
0.550515
0.561082
0.542411
0.542595
0.540927
0.548002
0.547032
0.560063
0.56409
0.559283
0.561065
0.563773
0.579519
0.564996
0.562556
0.555988
0.572978
0.578298
0.56837
0.56399
0.541886
0.530122
0.528569
0.522198
0.534955
0.527987
0.530458
0.513772
0.507449
0.518139
0.512269
0.501323
0.503441
0.512422
0.516616
0.516984
0.533171
0.532731
0.529565
0.52382
0.524262
0.533797
0.542331
0.530749
0.521925
0.51275
0.51149
0.519632
0.523792
0.526472
0.538399
0.547247
0.544856
0.543091
0.542601
0.531674
0.522882
0.526672
0.524385
0.52384
0.504667
0.507903
0.497723
0.496055
0.48953
0.498428
0.498842
0.494697
0.487378
0.478136
0.479648
0.490402
0.485482
0.489763
0.49051
0.485075
0.478916
0.487866
0.492458
0.501453
0.49522
0.494572
0.497404
0.506958
0.510763
0.506265
0.517968
0.520882
0.51947
0.5154
0.533758
0.532569
0.537355
0.553087
0.541304
0.535525
0.530823
0.533083
0.537281
0.5352
0.562927
0.552766
0.558706
0.540248
0.537201
0.528961
0.526176
0.52488
0.536665
0.545746
0.570123
0.571984
0.568486
0.569511
0.579167
0.58752
0.596433
0.601773
0.607758
0.602495
0.609118
0.622738
0.616224
0.623253
0.621122
0.645103
0.652267
0.663468
0.651373
0.641421
0.628272
0.648975
0.658566
0.670428
0.65204
0.667532
0.673549
0.673614
0.660203
0.639689
0.651127
0.648348
0.662423
0.665848
0.682664
0.684741
0.687274
0.67204
0.665094
0.664336
0.686264
0.685373
0.679199
0.652086
0.646203
0.650557
0.650345
0.647333
0.646132
0.638505
0.637278
0.635176
0.633263
0.657633
0.655828
0.668242
0.688945
0.690788
0.699581
0.695956
0.713611
0.722236
0.707768
0.695121
0.673984
0.701973
0.699808
0.711498
0.709931
0.711028
0.731866
0.751175
0.758472
0.760432
0.738905
0.735957
0.755916
0.754523
0.749458
0.732428
0.743344
0.745516
0.758841
0.763515
0.766034
0.779883
0.758901
0.750312
0.750351
0.784083
0.789534
0.811046
0.794131
0.781432
0.756645
0.753644
0.750543
0.749353
0.755851
0.771708
0.773302
0.759898
0.762368
0.76255
0.782088
0.787003
0.786458
0.779679
0.799711
0.809603
0.833005
0.834812
0.843772
0.867458
0.875282
0.863097
0.860712
0.868688
0.872489
0.870259
0.882589
0.914369
0.904157
0.920443
0.886261
0.895487
0.858524
0.865338
0.844657
0.85772
0.855007
0.860989
0.864567
0.863025
0.862142
0.878111
0.886837
0.893724
0.917238
0.889873
0.869747
0.854654
0.87307
0.870775
0.881183
0.885878
0.902979
0.918053
0.918976
0.904692
0.885433
0.886979
0.886298
0.889473
0.898899
0.883274
0.889687
0.871591
0.863391
0.851171
0.8606
0.865986
0.849748
0.844822
0.853388
0.834096
0.835112
0.833034
0.85275
0.868177
0.8762
0.863109
0.869155
0.873576
0.889684
0.88418
0.910048
0.916288
0.915852
0.920448
0.902459
0.910585
0.903927
0.922739
0.93344
0.924581
0.887286
0.890695
0.903196
0.912244
0.895956
0.889881
0.893461
0.851858
0.8576
0.86511
0.855883
0.827909
0.811153
0.83728
0.851565
0.866343
0.870251
0.865671
0.843629
0.817702
0.832325
0.82094
0.825408
0.830817
0.843962
0.842827
0.841998
0.861853
0.842193
0.823643
0.803812
0.814515
0.823745
0.836129
0.823498
0.806525
0.819092
0.810379
0.822355
0.799435
0.79644
0.815722
0.837957
0.862942
0.850064
0.843921
0.836512
0.839031
0.851557
0.838264
0.834951
0.823042
0.829126
0.825847
0.821509
0.839006
0.823593
0.816135
0.818866
0.844502
0.875191
0.857014
0.83269
0.810616
0.816902
0.827896
0.833004
0.814334
0.795704
0.806938
0.807403
0.806034
0.810641
0.817345
0.822751
0.808525
0.805824
0.810539
0.814745
0.840871
0.845114
0.845009
0.835652
0.830513
0.821693
0.822173
0.825073
0.826884
0.812559
0.825519
0.840265
0.847555
0.854918
0.849511
0.869831
0.828048
0.828831
0.851274
0.867468
0.836504
0.816901
0.793577
0.81429
0.8086
0.826504
0.820333
0.854169
0.838002
0.857337
0.832635
0.834328
0.815539
0.826107
0.818545
0.834701
0.838697
0.844927
0.833782
0.852223
0.89347
0.876899
0.877608
0.86476
0.876031
0.860429
0.869298
0.849044
0.837273
0.828625
0.83516
0.838959
0.836809
0.831913
0.838214
0.830945
0.833547
0.819798
0.839126
0.841029
0.83069
0.819682
0.814427
0.805639
0.80809
0.807616
0.818605
0.834463
0.851851
0.841117
0.827614
0.821343
0.831347
0.83471
0.829122
0.805457
0.805416
0.849664
0.861292
0.842175
0.802903
0.804383
0.80868
0.818911
0.801161
0.776932
0.772266
0.79229
0.794998
0.797784
0.775738
0.790791
0.800819
0.800565
0.792784
0.767939
0.781832
0.750153
0.736634
0.760128
0.757383
0.76383
0.747866
0.744018
0.741761
0.721365
0.732542
0.749446
0.742678
0.738034
0.735186
0.731206
0.750881
0.751019
0.758438
0.731987
0.736931
0.739232
0.721636
0.739411
0.742972
0.761265
0.752745
0.750331
0.74594
0.711446
0.712172
0.71431
0.721434
0.710077
0.707457
0.730759
0.74515
0.745111
0.738517
0.698786
0.687895
0.680011
0.666242
0.661302
0.678883
0.693624
0.695123
0.676124
0.681142
0.656836
0.66872
0.66805
0.665557
0.660649
0.651527
0.648209
0.643416
0.649804
0.650616
0.617218
0.602811
0.600516
0.582127
0.587335
0.588688
0.583822
0.591962
0.613449
0.61758
0.539946
0.522497
0.50553
0.499877
0.506302
0.516569
0.514399
0.516681
0.504888
0.492836
0.458436
0.450316
0.449239
0.459972
0.480161
0.48368
0.47949
0.464014
0.456901
0.460516
0.423864
0.431284
0.441354
0.430066
0.429067
0.417558
0.427827
0.440204
0.446236
0.433722
0.376364
0.386695
0.394571
0.394946
0.389995
0.382168
0.3807
0.38163
0.391035
0.425033
0.386182
0.3751
0.35039
0.348448
0.355293
0.35742
0.356638
0.365857
0.358794
0.352623
0.302657
0.299773
0.296126
0.294265
0.300953
0.303146
0.301208
0.298871
0.306442
0.308121
0.170489
0.207712
0.243129
0.200499
0.203873
0.268352
0.370128
0.454618
0.498609
0.44148
0.29225
0.397351
0.491253
0.493506
0.403755
0.309988
0.311303
0.304705
0.308698
0.318237
0.459773
0.430421
0.428737
0.218449
0.220815
0.193147
0.270039
0.428986
0.477039
0.53725
0.377085
0.41439
0.379203
0.375614
0.37086
0.509911
0.622155
0.62233
0.528285
0.420129
0.470228
0.467579
0.466366
0.473832
0.474666
0.475092
0.470486
0.480698
0.484684
0.482261
0.468866
0.458677
0.461963
0.475951
0.483127
0.485254
0.474748
0.478136
0.479282
0.485177
0.454689
0.455877
0.459437
0.456371
0.457486
0.460732
0.462089
0.463788
0.465432
0.468495
0.468109
0.462556
0.474909
0.470888
0.465644
0.460235
0.462481
0.461948
0.459789
0.460385
0.457858
0.460874
0.459331
0.460478
0.456554
0.459321
0.459849
0.463728
0.465697
0.467284
0.462264
0.462504
0.459742
0.460788
0.461417
0.457304
0.458216
0.459635
0.459791
0.45838
0.45927
0.466328
0.465052
0.463556
0.458693
0.459522
0.461316
0.461158
0.46187
0.460461
0.456407
0.453603
0.452961
0.455359
0.455074
0.453613
0.455401
0.457377
0.458124
0.451584
0.451271
0.447904
0.446304
0.445941
0.444944
0.446742
0.446046
0.44661
0.449021
0.449157
0.447068
0.446768
0.453462
0.451012
0.450747
0.441322
0.445016
0.4467
0.447378
0.44789
0.44496
0.444746
0.446063
0.446491
0.448279
0.449036
0.449261
0.448023
0.446885
0.44808
0.447603
0.450255
0.447427
0.447512
0.447881
0.448086
0.444024
0.443321
0.442481
0.440314
0.438907
0.439162
0.440211
0.440303
0.438102
0.438962
0.438654
0.438492
0.441068
0.441671
0.444412
0.43905
0.438954
0.441606
0.443616
0.44402
0.445739
0.44862
0.451905
0.452218
0.449488
0.450504
0.449986
0.461161
0.461124
0.461167
0.451954
0.449839
0.451583
0.448091
0.44478
0.453423
0.454095
0.454389
0.445228
0.444293
0.444462
0.442355
0.444852
0.448117
0.443722
0.439048
0.443841
0.443082
0.447249
0.446752
0.445575
0.446035
0.44473
0.445709
0.445245
0.445536
0.444816
0.440983
0.441663
0.44194
0.440339
0.440498
0.44136
0.443119
0.443442
0.442298
0.438663
0.43799
0.438518
0.437358
0.436842
0.436487
0.43734
0.437037
0.43514
0.43582
0.436472
0.436887
0.437921
0.438605
0.436904
0.436502
0.44474
0.443656
0.432483
0.432217
0.432172
0.433968
0.434173
0.435257
0.432784
0.43657
0.436194
0.438576
0.440077
0.440455
0.439942
0.436781
0.438972
0.438421
0.440784
0.442652
0.454324
0.453321
0.452107
0.442235
0.441254
0.444584
0.446328
0.4504
0.447828
0.447648
0.450488
0.449897
0.452666
0.452905
0.455061
0.457494
0.45357
0.454455
0.454125
0.45142
0.451025
0.449515
0.449442
0.449846
0.44842
0.450342
0.461792
0.461233
0.462214
0.450441
0.452196
0.454446
0.454528
0.452149
0.446235
0.443412
0.442358
0.441042
0.442754
0.440647
0.455111
0.453636
0.454757
0.446805
0.449356
0.448558
0.449273
0.45035
0.450049
0.452779
0.45532
0.457075
0.453261
0.444174
0.443918
0.444321
0.442468
0.453086
0.453336
0.457343
0.450594
0.453825
0.445591
0.454942
0.457718
0.456291
0.449161
0.468618
0.461149
0.458266
0.444943
0.444989
0.447802
0.449505
0.448749
0.452963
0.448341
0.450986
0.462064
0.465634
0.47035
0.472372
0.467397
0.466186
0.453147
0.454373
0.44784
0.440647
0.446126
0.450697
0.45024
0.44853
0.447921
0.450964
0.452117
0.454765
0.466871
0.463662
0.463813
0.443335
0.444322
0.455045
0.458074
0.459104
0.449314
0.4517
0.478696
0.48233
0.478019
0.456527
0.456645
0.429387
0.412119
0.400943
0.401114
0.402536
0.405162
0.417067
0.418514
0.409781
0.401666
0.399267
0.398138
0.414374
0.419451
0.407258
0.39751
0.380479
0.398314
0.38923
0.404034
0.401997
0.43072
0.417296
0.413207
0.394334
0.39267
0.393991
0.392302
0.408825
0.387957
0.36592
0.36793
0.3759
0.384477
0.370778
0.361789
0.348707
0.36279
0.377198
0.386049
0.374322
0.383668
0.37815
0.369634
0.36897
0.37883
0.377824
0.390744
0.386825
0.395577
0.394876
0.397471
0.41476
0.423058
0.42195
0.428087
0.467239
0.450096
0.451423
0.425191
0.430924
0.445283
0.454306
0.487995
0.491517
0.484756
0.451257
0.45354
0.459824
0.495119
0.506622
0.52775
0.523293
0.533302
0.532307
0.547257
0.536356
0.524914
0.54131
0.536108
0.574816
0.563468
0.575149
0.550209
0.55597
0.555945
0.571896
0.589062
0.567716
0.571124
0.56635
0.55862
0.582081
0.587843
0.588669
0.553541
0.534813
0.525128
0.56071
0.575933
0.614265
0.592365
0.585952
0.580393
0.563529
0.570757
0.57654
0.589112
0.588375
0.612711
0.618066
0.657875
0.645149
0.641729
0.606951
0.643807
0.664391
0.67619
0.667051
0.673896
0.662511
0.663341
0.645678
0.672341
0.657698
0.689412
0.669905
0.644589
0.655664
0.650648
0.66262
0.624041
0.62567
0.626337
0.6191
0.630423
0.614883
0.632096
0.60381
0.604686
0.585012
0.556371
0.562262
0.555729
0.564222
0.578976
0.593156
0.597144
0.602143
0.615102
0.621629
0.57864
0.558479
0.537172
0.56213
0.572995
0.55703
0.549299
0.52762
0.538637
0.533631
0.475758
0.466222
0.480577
0.497157
0.517088
0.490008
0.497311
0.489243
0.511179
0.534081
0.560866
0.546069
0.564537
0.564835
0.548883
0.535565
0.529293
0.520471
0.510007
0.534376
0.529791
0.547209
0.525666
0.511608
0.502226
0.52559
0.538858
0.529972
0.521978
0.523525
0.493885
0.50615
0.518338
0.550399
0.558316
0.543863
0.533239
0.525215
0.540201
0.518838
0.52009
0.515756
0.520411
0.517477
0.553766
0.574655
0.572155
0.540749
0.515999
0.531544
0.536936
0.554306
0.528684
0.53904
0.516836
0.522597
0.506911
0.502061
0.491182
0.505695
0.502635
0.522439
0.521203
0.527155
0.520406
0.514235
0.503057
0.480618
0.495531
0.48173
0.463225
0.485962
0.48942
0.496076
0.47662
0.483557
0.48081
0.498766
0.504409
0.505579
0.481183
0.476352
0.480564
0.474532
0.491793
0.507134
0.518088
0.497517
0.488598
0.477601
0.464903
0.476421
0.483737
0.490613
0.484613
0.474289
0.470408
0.465969
0.474036
0.47536
0.469259
0.452727
0.451172
0.43995
0.436319
0.440406
0.440023
0.435855
0.423444
0.440812
0.442531
0.446316
0.437701
0.453282
0.452328
0.438048
0.419406
0.433197
0.43536
0.461569
0.439593
0.444647
0.424379
0.42217
0.446394
0.450456
0.469264
0.459188
0.453694
0.44895
0.443382
0.443651
0.451475
0.454749
0.467492
0.466868
0.478134
0.474847
0.47361
0.477158
0.485311
0.485694
0.494011
0.501469
0.497841
0.475727
0.489082
0.480012
0.492375
0.479286
0.46066
0.46911
0.461013
0.469797
0.469113
0.480626
0.48156
0.469768
0.474277
0.477747
0.472441
0.481193
0.478564
0.481965
0.492874
0.510272
0.50873
0.501916
0.476702
0.463905
0.461288
0.466294
0.454533
0.449391
0.451263
0.450222
0.455918
0.478105
0.491174
0.479175
0.472468
0.445091
0.441332
0.445366
0.439221
0.435372
0.430168
0.435548
0.428736
0.414685
0.42243
0.441162
0.458152
0.45469
0.452034
0.449506
0.449005
0.419046
0.425218
0.422677
0.413069
0.411202
0.416703
0.420677
0.410444
0.411225
0.405124
0.429134
0.432425
0.441879
0.444552
0.440323
0.459176
0.453607
0.441015
0.457418
0.45916
0.465851
0.464583
0.462801
0.455183
0.474023
0.462119
0.461671
0.453903
0.466978
0.47122
0.48604
0.474899
0.467015
0.462108
0.463848
0.462569
0.448658
0.450214
0.440439
0.437334
0.439902
0.430432
0.426955
0.414874
0.410952
0.417325
0.440968
0.441133
0.434121
0.4292
0.434743
0.435056
0.453414
0.44712
0.463706
0.463844
0.448815
0.44705
0.457033
0.475092
0.457881
0.457717
0.464487
0.462655
0.468935
0.445942
0.443118
0.457723
0.470847
0.468769
0.456611
0.46316
0.457557
0.460719
0.459885
0.452931
0.451291
0.450508
0.441028
0.436416
0.436269
0.440807
0.447511
0.442109
0.440677
0.456635
0.457966
0.463663
0.460584
0.468883
0.461219
0.480348
0.476128
0.481389
0.493724
0.505895
0.501142
0.49213
0.493452
0.499443
0.498013
0.498621
0.488723
0.477581
0.478661
0.470087
0.460469
0.441834
0.446537
0.448781
0.454751
0.451939
0.463959
0.461195
0.453544
0.457771
0.457476
0.451895
0.447906
0.455717
0.478564
0.462517
0.457786
0.449985
0.468984
0.468311
0.472502
0.48535
0.482724
0.483317
0.488224
0.507243
0.512261
0.516948
0.515446
0.527656
0.519931
0.527997
0.518808
0.514064
0.512926
0.538902
0.54618
0.541498
0.521477
0.515182
0.506721
0.496514
0.486365
0.496856
0.495026
0.50837
0.511854
0.515522
0.508248
0.485507
0.478098
0.486106
0.4853
0.493012
0.485955
0.489641
0.505956
0.496135
0.498784
0.476045
0.467983
0.460271
0.468815
0.462736
0.471391
0.454088
0.468245
0.468812
0.476517
0.475962
0.470092
0.456327
0.457444
0.459767
0.464446
0.463027
0.469283
0.472984
0.47788
0.476467
0.475466
0.493371
0.492042
0.495398
0.489216
0.492159
0.4909
0.487022
0.489918
0.478151
0.471552
0.467746
0.455496
0.453934
0.453299
0.467786
0.464257
0.485118
0.476897
0.474901
0.474655
0.491731
0.483609
0.493599
0.476309
0.491696
0.49218
0.513786
0.51714
0.524155
0.522964
0.526751
0.538408
0.536776
0.532874
0.536547
0.536761
0.544421
0.54154
0.550228
0.559169
0.565993
0.564277
0.549648
0.567211
0.571192
0.559077
0.55969
0.555594
0.574438
0.592513
0.583018
0.572687
0.56358
0.567096
0.580101
0.583932
0.576192
0.580771
0.584338
0.58549
0.580652
0.582015
0.596843
0.59526
0.608445
0.606819
0.617199
0.633074
0.650192
0.648531
0.644815
0.638398
0.647288
0.651615
0.653632
0.653812
0.669524
0.681068
0.68666
0.68161
0.690712
0.693273
0.700084
0.707072
0.693047
0.687664
0.701225
0.715533
0.709639
0.693339
0.701328
0.691415
0.700269
0.703387
0.711741
0.725468
0.725192
0.728257
0.700542
0.670473
0.675539
0.672887
0.695526
0.711022
0.717938
0.710344
0.704102
0.707888
0.7209
0.730275
0.724532
0.733271
0.752062
0.756226
0.750127
0.741098
0.756542
0.755256
0.766331
0.755297
0.750516
0.747156
0.750714
0.76565
0.768798
0.752262
0.752155
0.766978
0.762201
0.738218
0.733268
0.742289
0.749044
0.757706
0.757956
0.730082
0.731183
0.730964
0.745738
0.763516
0.75664
0.754048
0.758089
0.786237
0.785335
0.773445
0.783949
0.788466
0.797014
0.776543
0.777874
0.780182
0.769412
0.775516
0.79416
0.788339
0.788912
0.793241
0.80022
0.795317
0.784753
0.786729
0.783848
0.811788
0.835296
0.828104
0.789022
0.780127
0.791331
0.806234
0.813312
0.818809
0.836009
0.859087
0.849538
0.865962
0.877048
0.895157
0.875347
0.864441
0.849651
0.88012
0.882853
0.871961
0.859525
0.861935
0.853073
0.855973
0.840288
0.859023
0.85641
0.849151
0.843473
0.829011
0.845905
0.849879
0.841564
0.836279
0.824031
0.822926
0.832007
0.836023
0.846703
0.852811
0.868323
0.876588
0.871308
0.887002
0.851784
0.835034
0.830382
0.85312
0.864445
0.866299
0.852816
0.846253
0.866393
0.869223
0.869717
0.884125
0.898168
0.920543
0.908243
0.894898
0.865164
0.87352
0.865987
0.863491
0.869868
0.860655
0.848311
0.819484
0.846421
0.853243
0.87773
0.846766
0.854676
0.829486
0.844771
0.821915
0.819286
0.795429
0.796252
0.819772
0.839438
0.840391
0.825399
0.832504
0.834951
0.82738
0.812989
0.811269
0.844335
0.843347
0.822032
0.816232
0.817961
0.823395
0.811033
0.828596
0.84171
0.855175
0.858872
0.8486
0.829467
0.804104
0.791783
0.796699
0.809871
0.835422
0.825967
0.841489
0.807733
0.794266
0.793699
0.795022
0.801214
0.796333
0.783814
0.782098
0.786298
0.791735
0.789426
0.797797
0.781776
0.789523
0.791514
0.773126
0.763914
0.756013
0.76659
0.767846
0.784302
0.795396
0.797489
0.795781
0.791528
0.78494
0.776284
0.772988
0.785115
0.795516
0.809034
0.798129
0.802452
0.805052
0.800916
0.807066
0.797757
0.789492
0.789768
0.800572
0.800003
0.817014
0.800217
0.800655
0.786279
0.799584
0.801698
0.797328
0.782853
0.786994
0.787172
0.817881
0.810969
0.790271
0.778615
0.797563
0.801538
0.786253
0.776472
0.775113
0.791095
0.802596
0.784818
0.774952
0.771605
0.777894
0.776001
0.754017
0.757911
0.777203
0.774871
0.759787
0.76804
0.790237
0.807992
0.81446
0.789322
0.788764
0.770245
0.771987
0.780936
0.760246
0.766561
0.763131
0.761231
0.775622
0.823811
0.818415
0.813291
0.756804
0.777762
0.782004
0.807578
0.798731
0.799683
0.770371
0.767008
0.763018
0.78685
0.798392
0.796273
0.80362
0.810411
0.824755
0.814141
0.813631
0.82068
0.822385
0.808946
0.817822
0.814671
0.810587
0.80849
0.809097
0.793883
0.769977
0.764295
0.756947
0.755391
0.751165
0.741244
0.753152
0.741603
0.737936
0.692943
0.707041
0.7302
0.733094
0.73088
0.709025
0.704608
0.696584
0.696595
0.709499
0.692595
0.687322
0.689655
0.683853
0.696347
0.693744
0.690855
0.709178
0.726908
0.743549
0.696418
0.710329
0.703813
0.732684
0.730519
0.750066
0.735899
0.754112
0.737857
0.733355
0.693393
0.698155
0.703737
0.728129
0.723904
0.729676
0.719404
0.719506
0.720146
0.702137
0.66698
0.656532
0.656771
0.657386
0.67405
0.668112
0.662517
0.651067
0.647304
0.654335
0.623382
0.619337
0.612986
0.636937
0.651805
0.671341
0.657274
0.668155
0.658129
0.657371
0.599343
0.598226
0.596307
0.594879
0.597421
0.594136
0.589067
0.567132
0.563953
0.570803
0.491895
0.480136
0.481004
0.489826
0.475869
0.483978
0.474605
0.485341
0.484447
0.488958
0.436353
0.438886
0.438317
0.434717
0.435636
0.441871
0.449979
0.445264
0.436184
0.433402
0.405981
0.415415
0.421058
0.418852
0.413996
0.391695
0.403574
0.397584
0.395706
0.38832
0.383254
0.381622
0.378741
0.364029
0.367743
0.368675
0.370218
0.36543
0.360181
0.362124
0.329129
0.32603
0.335636
0.32301
0.32311
0.32095
0.322381
0.331901
0.34066
0.332485
0.293448
0.285596
0.291358
0.294127
0.303944
0.318259
0.320839
0.307025
0.310869
0.308081
0.055689
0.066954
0.199026
0.209942
0.213419
0.123183
0.314219
0.313987
0.319801
0.128269
0.147864
0.149779
0.15489
0.24373
0.281643
0.31951
0.325989
0.331976
0.369928
0.369911
0.572733
0.614855
0.584142
0.431669
0.43717
0.440932
0.441779
0.539959
0.544365
0.568489
0.503235
0.505994
0.507398
0.408769
0.371364
0.342052
0.339174
0.422313
0.495306
0.496428
0.345603
0.352367
0.355786
0.357506
0.365049
0.364334
0.368858
0.362673
0.363882
0.363917
0.339325
0.340494
0.344707
0.347349
0.348229
0.347829
0.348606
0.354999
0.354986
0.355916
0.336329
0.33356
0.330051
0.333887
0.335147
0.338801
0.33724
0.339127
0.345274
0.345454
0.341177
0.334174
0.334712
0.33435
0.333974
0.335254
0.336029
0.335809
0.337815
0.339326
0.331035
0.3314
0.341666
0.335817
0.338304
0.325302
0.329022
0.327526
0.328872
0.330212
0.326757
0.330281
0.331561
0.332845
0.332657
0.333623
0.337024
0.338766
0.339407
0.338358
0.332968
0.334138
0.332732
0.332865
0.334073
0.332483
0.334074
0.331856
0.332928
0.32634
0.323168
0.318092
0.316359
0.318696
0.318877
0.319365
0.319352
0.320243
0.317398
0.324065
0.313005
0.312798
0.313352
0.31803
0.31951
0.318335
0.318596
0.320126
0.321378
0.318117
0.308751
0.309924
0.310127
0.310543
0.309177
0.309284
0.310077
0.310643
0.311491
0.310409
0.310429
0.309102
0.307991
0.308466
0.307279
0.309613
0.309041
0.309059
0.30523
0.306312
0.305946
0.30852
0.309425
0.308795
0.318337
0.319218
0.319414
0.309121
0.310637
0.313845
0.309513
0.310305
0.311899
0.314674
0.315275
0.313843
0.315822
0.317268
0.317389
0.319438
0.313298
0.309611
0.308903
0.307346
0.307824
0.309027
0.311949
0.311854
0.318215
0.319853
0.321136
0.319203
0.320205
0.316276
0.316129
0.315453
0.315089
0.315682
0.313221
0.316205
0.314161
0.311588
0.310778
0.3123
0.312786
0.313452
0.314378
0.312871
0.307482
0.308943
0.31481
0.313777
0.314954
0.316093
0.322316
0.325183
0.32629
0.324964
0.321709
0.323466
0.322894
0.322183
0.319739
0.320107
0.319527
0.31926
0.317123
0.315068
0.315266
0.317033
0.317864
0.317518
0.317008
0.314911
0.311765
0.306955
0.311886
0.31113
0.310737
0.308561
0.311223
0.311317
0.310397
0.310961
0.312241
0.322154
0.319244
0.32067
0.318829
0.317364
0.303272
0.302922
0.304917
0.305321
0.305189
0.307015
0.308407
0.308486
0.310218
0.320434
0.322825
0.321077
0.313365
0.314462
0.315521
0.315488
0.319007
0.319024
0.318844
0.318742
0.310157
0.310563
0.309185
0.308289
0.309805
0.311908
0.3126
0.315333
0.314589
0.313333
0.313604
0.316472
0.31896
0.31853
0.316136
0.313921
0.31037
0.309007
0.311796
0.310397
0.311464
0.312864
0.314017
0.313049
0.314101
0.312155
0.310913
0.308408
0.307929
0.308676
0.307852
0.317874
0.318433
0.318088
0.30982
0.310845
0.311445
0.311788
0.312802
0.317117
0.314652
0.314861
0.315729
0.316239
0.317287
0.328727
0.334344
0.332175
0.324466
0.325264
0.325157
0.338108
0.334645
0.335045
0.335108
0.332861
0.33461
0.326459
0.336324
0.340909
0.33595
0.327888
0.321219
0.333097
0.33312
0.333392
0.32984
0.331872
0.33207
0.325111
0.329266
0.328824
0.338722
0.337481
0.33918
0.331208
0.334516
0.335431
0.340485
0.341448
0.339589
0.340502
0.335106
0.338397
0.328494
0.329632
0.328602
0.324761
0.3326
0.333927
0.345033
0.346522
0.342633
0.338135
0.338109
0.328922
0.316493
0.315434
0.318178
0.31422
0.328047
0.329582
0.322505
0.313246
0.325203
0.325247
0.329371
0.324639
0.320963
0.309828
0.326832
0.328288
0.335021
0.342529
0.348288
0.339515
0.344002
0.3499
0.358925
0.347667
0.338192
0.330753
0.323352
0.327415
0.326778
0.337851
0.323474
0.319729
0.324839
0.32612
0.322028
0.319128
0.332735
0.346689
0.341628
0.334865
0.326817
0.32774
0.325017
0.330724
0.326642
0.321913
0.338212
0.339351
0.346068
0.32635
0.327767
0.323455
0.327938
0.328252
0.328456
0.321764
0.323598
0.329963
0.336332
0.348244
0.339914
0.340908
0.347081
0.347681
0.347158
0.36271
0.373185
0.385667
0.375881
0.417046
0.418381
0.434672
0.444424
0.45459
0.512745
0.490466
0.505508
0.509077
0.505481
0.536962
0.499397
0.516024
0.48664
0.49208
0.503565
0.517268
0.508533
0.48005
0.479895
0.483881
0.486442
0.463806
0.475893
0.495161
0.501089
0.492308
0.467084
0.468152
0.465169
0.475193
0.459813
0.46691
0.464613
0.475727
0.479713
0.503658
0.508376
0.512823
0.511683
0.518661
0.513593
0.501053
0.489706
0.510118
0.520033
0.544286
0.5565
0.532408
0.530377
0.522353
0.543618
0.578324
0.56209
0.56719
0.517402
0.519726
0.532142
0.537171
0.562871
0.587425
0.600314
0.603219
0.582933
0.582994
0.561355
0.548092
0.56806
0.564458
0.577887
0.558913
0.56231
0.560064
0.595622
0.611571
0.574721
0.581196
0.589397
0.58236
0.55012
0.54495
0.562681
0.553482
0.564072
0.562698
0.506527
0.51222
0.532728
0.518397
0.512502
0.511472
0.520669
0.52638
0.511476
0.514155
0.463793
0.478064
0.476713
0.4885
0.495748
0.497688
0.491644
0.481311
0.47731
0.458218
0.456427
0.483539
0.482183
0.480721
0.459961
0.48289
0.499208
0.493374
0.467901
0.475056
0.501797
0.51481
0.526569
0.523844
0.548895
0.523892
0.539053
0.537716
0.529705
0.51437
0.497928
0.506128
0.529908
0.529063
0.535473
0.537284
0.531757
0.514852
0.505858
0.504846
0.508291
0.50842
0.505928
0.503918
0.494697
0.48133
0.500173
0.512729
0.514697
0.485497
0.500996
0.499891
0.511709
0.518077
0.513034
0.537513
0.540954
0.532383
0.513272
0.519368
0.511
0.536413
0.525051
0.537043
0.513734
0.513112
0.510236
0.520926
0.515091
0.555975
0.578484
0.576301
0.525576
0.511304
0.515558
0.504902
0.479778
0.479508
0.474542
0.477002
0.449138
0.464449
0.474853
0.463644
0.46446
0.468733
0.485839
0.505283
0.504022
0.495863
0.491278
0.497014
0.502646
0.49901
0.489377
0.484145
0.470948
0.47407
0.475756
0.476129
0.4627
0.462726
0.467283
0.46634
0.470888
0.477863
0.460121
0.448196
0.448305
0.455674
0.442635
0.440832
0.458014
0.467784
0.464437
0.46424
0.447299
0.454759
0.445087
0.456772
0.437754
0.432344
0.416061
0.428638
0.438486
0.434357
0.432796
0.437798
0.437621
0.466654
0.468688
0.455172
0.440312
0.438423
0.439506
0.447302
0.456929
0.450269
0.445659
0.445162
0.439963
0.429721
0.429632
0.428272
0.424484
0.425006
0.423194
0.437129
0.441903
0.429216
0.419463
0.419611
0.419271
0.423457
0.414115
0.412806
0.417442
0.43387
0.425758
0.430396
0.404206
0.420542
0.432227
0.437269
0.415669
0.413725
0.401722
0.39805
0.394813
0.397783
0.404286
0.406454
0.402885
0.401853
0.387439
0.387103
0.400348
0.392421
0.394578
0.404363
0.407392
0.418842
0.42142
0.436555
0.428078
0.414577
0.39919
0.402438
0.391474
0.380284
0.369133
0.385551
0.384197
0.389879
0.38148
0.387685
0.387402
0.367288
0.361682
0.346781
0.348317
0.372953
0.368981
0.36329
0.357618
0.366172
0.377909
0.375121
0.380348
0.375252
0.394761
0.419121
0.444271
0.451052
0.428819
0.425777
0.429242
0.427731
0.433525
0.42643
0.437578
0.418798
0.41081
0.412348
0.415266
0.415404
0.418814
0.414146
0.417231
0.40632
0.427105
0.437589
0.452148
0.439216
0.426143
0.399342
0.404536
0.407349
0.416853
0.430362
0.431178
0.430566
0.437758
0.439323
0.451077
0.448863
0.448318
0.461993
0.470908
0.477159
0.477354
0.463417
0.469756
0.484126
0.48406
0.48305
0.488939
0.486274
0.516833
0.509063
0.519471
0.512796
0.519825
0.504469
0.502098
0.513853
0.509645
0.522302
0.518609
0.528918
0.518301
0.511682
0.499275
0.494581
0.499222
0.512784
0.510518
0.488198
0.487235
0.490197
0.500794
0.486968
0.48244
0.494114
0.509416
0.51194
0.522542
0.526767
0.540502
0.552972
0.534224
0.543349
0.528725
0.522046
0.518882
0.517582
0.513938
0.521283
0.535146
0.525139
0.509471
0.498023
0.508068
0.523124
0.519534
0.502736
0.505652
0.512032
0.505319
0.504941
0.494255
0.486435
0.515677
0.518179
0.510351
0.50609
0.498536
0.500761
0.49322
0.490109
0.474316
0.473419
0.473942
0.481268
0.474942
0.466408
0.463441
0.464444
0.474001
0.475632
0.472452
0.476266
0.481212
0.48497
0.476292
0.475289
0.478583
0.490075
0.4893
0.50239
0.490238
0.48517
0.488724
0.494389
0.486791
0.487812
0.475376
0.478499
0.466731
0.470382
0.473306
0.482249
0.480349
0.477893
0.48078
0.484941
0.475962
0.460377
0.457139
0.460733
0.447036
0.437028
0.45826
0.460983
0.471705
0.469324
0.47442
0.463148
0.465455
0.468673
0.474531
0.471565
0.462627
0.461109
0.462103
0.470191
0.462335
0.460335
0.467487
0.469776
0.467002
0.472458
0.47512
0.486067
0.486181
0.48758
0.483431
0.489543
0.491698
0.497101
0.488576
0.496214
0.493774
0.498981
0.507126
0.527698
0.526027
0.53178
0.521879
0.539908
0.564238
0.558047
0.54068
0.517189
0.508274
0.492476
0.501109
0.501629
0.506619
0.505055
0.515564
0.509669
0.516371
0.527147
0.533715
0.510992
0.510876
0.502131
0.494402
0.496709
0.5102
0.512494
0.515091
0.523403
0.531352
0.544756
0.548725
0.55752
0.548322
0.546421
0.544669
0.54219
0.5509
0.55078
0.557817
0.554308
0.560165
0.558133
0.582508
0.56578
0.603823
0.57978
0.602332
0.601979
0.614582
0.6063
0.615293
0.6041
0.620844
0.619122
0.626657
0.609087
0.600659
0.60572
0.616846
0.620487
0.622827
0.623626
0.627535
0.638679
0.645263
0.64805
0.673749
0.670965
0.668728
0.655432
0.645725
0.653175
0.64848
0.649226
0.652423
0.648939
0.653323
0.640385
0.639704
0.644465
0.637534
0.634083
0.636617
0.634705
0.639407
0.651275
0.656827
0.651212
0.666196
0.659908
0.669547
0.673414
0.682545
0.699499
0.708498
0.708901
0.710895
0.719411
0.723224
0.736924
0.743504
0.757268
0.754634
0.760631
0.766892
0.764973
0.766689
0.785115
0.779738
0.77573
0.771488
0.766857
0.768891
0.753739
0.747431
0.751972
0.757353
0.756722
0.772292
0.77266
0.763962
0.776898
0.770605
0.778447
0.779928
0.794998
0.816432
0.827545
0.815784
0.818186
0.807284
0.809821
0.8136
0.809807
0.817055
0.807987
0.818598
0.813647
0.821868
0.81725
0.835337
0.8362
0.839719
0.838458
0.820989
0.830071
0.813686
0.805412
0.828032
0.836645
0.814346
0.816931
0.823701
0.828183
0.821153
0.79709
0.78735
0.801559
0.831267
0.827892
0.803517
0.802368
0.812113
0.803206
0.787816
0.781331
0.796209
0.797922
0.805936
0.795032
0.817334
0.829559
0.823525
0.835564
0.837853
0.846959
0.84649
0.86905
0.84615
0.833269
0.833972
0.83756
0.855986
0.854546
0.862036
0.842419
0.838433
0.82173
0.826509
0.811401
0.820518
0.803831
0.819126
0.851864
0.835377
0.816257
0.820395
0.83213
0.843254
0.825968
0.828748
0.811476
0.81968
0.808338
0.803566
0.80584
0.798436
0.789021
0.816729
0.830684
0.825248
0.791068
0.812903
0.781498
0.799277
0.812223
0.815693
0.797737
0.780154
0.780237
0.803126
0.810347
0.821615
0.79555
0.801928
0.806639
0.82843
0.838069
0.83033
0.834705
0.833424
0.830772
0.841699
0.849709
0.852292
0.857754
0.852324
0.84289
0.864524
0.86268
0.863422
0.859127
0.856758
0.867385
0.855188
0.854528
0.86468
0.863585
0.848575
0.84028
0.846242
0.846711
0.823581
0.820994
0.827033
0.828239
0.861023
0.849548
0.852525
0.816764
0.809204
0.798354
0.807949
0.811248
0.81357
0.818108
0.827258
0.830409
0.81904
0.80112
0.808114
0.818715
0.794811
0.796855
0.763485
0.776959
0.801408
0.809478
0.815861
0.802327
0.795331
0.823617
0.840337
0.844054
0.845565
0.835265
0.817911
0.804486
0.814092
0.809167
0.794275
0.787677
0.780114
0.791772
0.802717
0.808514
0.813987
0.799707
0.791428
0.779131
0.796353
0.782022
0.782876
0.79076
0.785456
0.794194
0.794656
0.78326
0.780903
0.755342
0.759162
0.758293
0.761647
0.780464
0.790537
0.795668
0.779075
0.782967
0.7694
0.773576
0.787699
0.778274
0.775227
0.767124
0.803023
0.78756
0.79323
0.770388
0.777772
0.77992
0.769935
0.775424
0.771531
0.783389
0.811099
0.821976
0.813582
0.80403
0.794822
0.783895
0.785061
0.806199
0.789982
0.789394
0.799026
0.807904
0.823128
0.816671
0.82278
0.842357
0.825594
0.831248
0.811761
0.812383
0.81472
0.814181
0.8167
0.818433
0.816259
0.835336
0.837599
0.838622
0.828487
0.824644
0.809897
0.803999
0.796922
0.805725
0.805716
0.808921
0.814041
0.819021
0.805861
0.785288
0.777522
0.786266
0.814032
0.816383
0.811431
0.802605
0.79371
0.820408
0.829378
0.830935
0.83522
0.842513
0.829142
0.833553
0.82937
0.846951
0.8339
0.863604
0.844333
0.85573
0.798083
0.802902
0.792481
0.807318
0.79792
0.795361
0.78842
0.782964
0.790621
0.785292
0.742294
0.740837
0.738035
0.740703
0.713774
0.736877
0.747104
0.744949
0.748245
0.740752
0.733075
0.722345
0.726733
0.716326
0.719941
0.729771
0.758212
0.731625
0.71928
0.696184
0.69207
0.708857
0.713244
0.700843
0.721246
0.735489
0.745898
0.736189
0.744595
0.726467
0.711482
0.695263
0.699686
0.699966
0.705241
0.686048
0.69174
0.686329
0.696032
0.707652
0.65962
0.661585
0.659724
0.684017
0.662294
0.657895
0.657008
0.65539
0.65308
0.645761
0.599088
0.604144
0.610774
0.611954
0.608551
0.603046
0.591346
0.607912
0.603165
0.606442
0.544513
0.549967
0.535872
0.50677
0.495646
0.496612
0.489089
0.487393
0.487809
0.485725
0.431426
0.422405
0.426481
0.431477
0.42129
0.412365
0.412792
0.421353
0.433922
0.44636
0.397922
0.408762
0.401417
0.408235
0.418995
0.419149
0.422041
0.410851
0.417625
0.409386
0.37724
0.386437
0.391803
0.390936
0.384924
0.380158
0.376136
0.374356
0.369649
0.36355
0.335888
0.32647
0.327077
0.328533
0.327752
0.331406
0.324813
0.32488
0.315814
0.310335
0.28489
0.277561
0.279327
0.281201
0.289244
0.290351
0.286684
0.278978
0.279127
0.286001
0.092429
0.127429
0.135136
0.142139
0.180181
0.179848
0.235679
0.239432
0.246772
0.290532
0.249267
0.342361
0.282434
0.285213
0.196596
0.193283
0.340417
0.47099
0.476933
0.425028
0.413544
0.417989
0.520638
0.424294
0.425532
0.448142
0.482439
0.482382
0.393807
0.399227
0.448329
0.414623
0.404931
0.396867
0.400072
0.559801
0.526207
0.495173
0.378126
0.352228
0.41972
0.421329
0.417621
0.421687
0.425817
0.427851
0.427929
0.425852
0.419635
0.425838
0.415491
0.417928
0.418239
0.416059
0.424903
0.427327
0.430814
0.433811
0.431829
0.439738
0.410692
0.40909
0.410218
0.411416
0.41257
0.41417
0.426698
0.425451
0.439833
0.423854
0.412985
0.401789
0.401658
0.402703
0.39801
0.401067
0.408138
0.408756
0.405314
0.40339
0.397099
0.396613
0.397156
0.398759
0.396402
0.396373
0.39275
0.393801
0.393658
0.393576
0.391699
0.391242
0.391884
0.396432
0.397267
0.39626
0.390265
0.391476
0.391179
0.397513
0.394872
0.397947
0.391953
0.390022
0.388799
0.390326
0.391302
0.391309
0.387916
0.386626
0.386526
0.388264
0.392421
0.391923
0.391958
0.389221
0.390787
0.396262
0.395661
0.391309
0.374681
0.377349
0.377032
0.376295
0.378547
0.379048
0.377978
0.377349
0.376035
0.37664
0.375707
0.376418
0.37581
0.374843
0.385428
0.384784
0.386066
0.375408
0.375673
0.37543
0.376568
0.376495
0.376962
0.376798
0.377422
0.377216
0.377482
0.378665
0.379703
0.380644
0.379474
0.379206
0.37741
0.377194
0.373532
0.372153
0.374065
0.37491
0.375566
0.372394
0.37479
0.374763
0.374516
0.37169
0.373584
0.374402
0.376589
0.375715
0.375025
0.375711
0.372688
0.381714
0.38516
0.386339
0.375806
0.373923
0.374014
0.373977
0.373625
0.372926
0.371794
0.373072
0.372569
0.376755
0.376163
0.380001
0.378545
0.377416
0.376354
0.375624
0.379709
0.379353
0.379773
0.381452
0.382323
0.381486
0.383468
0.384565
0.38266
0.383939
0.385817
0.386732
0.388546
0.386052
0.387155
0.385198
0.384094
0.383819
0.382549
0.384017
0.383561
0.383813
0.387572
0.386309
0.387022
0.387054
0.386228
0.387283
0.387926
0.386895
0.381498
0.381026
0.378454
0.379283
0.378596
0.379883
0.379334
0.380186
0.382268
0.382022
0.376755
0.379317
0.382843
0.381419
0.380095
0.378152
0.382634
0.391609
0.389711
0.384896
0.371163
0.370593
0.371045
0.373274
0.373231
0.373605
0.373795
0.374054
0.376496
0.376907
0.377589
0.377935
0.377949
0.376649
0.377739
0.378373
0.378693
0.377691
0.377729
0.37612
0.375084
0.375398
0.375727
0.376524
0.377658
0.37732
0.376682
0.377193
0.377147
0.372483
0.370291
0.371608
0.370742
0.370948
0.370924
0.371963
0.373327
0.374135
0.375783
0.374411
0.37235
0.372849
0.373547
0.375263
0.376558
0.37578
0.386163
0.38789
0.389869
0.380467
0.372224
0.371863
0.372496
0.372013
0.373362
0.376819
0.38028
0.381593
0.382165
0.382613
0.381164
0.382986
0.396672
0.396013
0.39269
0.380592
0.38951
0.389079
0.390328
0.383211
0.381062
0.378249
0.377605
0.37857
0.383125
0.383999
0.382332
0.381593
0.380714
0.380296
0.379067
0.380649
0.382925
0.393949
0.393495
0.396217
0.39227
0.400312
0.402255
0.391848
0.38225
0.382171
0.381671
0.382104
0.380516
0.380059
0.38055
0.391278
0.408157
0.409165
0.39414
0.381677
0.380636
0.381769
0.375691
0.375714
0.387404
0.384042
0.395936
0.379558
0.370685
0.357367
0.364528
0.370407
0.371557
0.360802
0.3595
0.351098
0.355867
0.356552
0.354991
0.361
0.372567
0.374494
0.380628
0.371814
0.381523
0.387271
0.388186
0.396854
0.375314
0.388329
0.360329
0.365619
0.344976
0.34712
0.344621
0.349155
0.35049
0.339741
0.355546
0.359693
0.367378
0.368337
0.370265
0.362736
0.366124
0.353831
0.354217
0.347561
0.350876
0.370597
0.364885
0.362575
0.345891
0.340741
0.352198
0.356643
0.367386
0.374945
0.372311
0.371788
0.365739
0.361041
0.350414
0.358347
0.373171
0.384535
0.410665
0.420547
0.426644
0.429794
0.422756
0.419306
0.399141
0.400632
0.405167
0.403577
0.422339
0.411201
0.43437
0.454753
0.493931
0.511598
0.482768
0.476925
0.498096
0.513878
0.475482
0.461182
0.470269
0.487846
0.498635
0.519926
0.511661
0.503797
0.463297
0.460556
0.461232
0.472339
0.500664
0.52261
0.519546
0.483589
0.486981
0.508924
0.514599
0.526641
0.533906
0.544597
0.544214
0.530526
0.538342
0.52775
0.557212
0.552585
0.57592
0.556523
0.551457
0.516886
0.533149
0.534021
0.554164
0.551164
0.569548
0.595274
0.593064
0.566553
0.549005
0.53223
0.529527
0.54514
0.553536
0.551063
0.556483
0.568937
0.59505
0.579828
0.585509
0.587845
0.576443
0.576842
0.603151
0.637543
0.649106
0.646684
0.632876
0.620933
0.616468
0.607792
0.590426
0.580817
0.58263
0.61936
0.652553
0.684214
0.652635
0.653737
0.628722
0.61927
0.571906
0.592826
0.59815
0.597918
0.599104
0.597646
0.604888
0.590635
0.58829
0.589453
0.574115
0.57764
0.607808
0.617399
0.644895
0.642108
0.61833
0.58399
0.579178
0.602184
0.592607
0.612395
0.642744
0.605545
0.586259
0.561561
0.57608
0.577022
0.57326
0.576183
0.499573
0.492811
0.484505
0.49257
0.503601
0.512692
0.525538
0.525876
0.504763
0.525079
0.552647
0.550375
0.542469
0.540538
0.541126
0.562415
0.568638
0.587503
0.562592
0.565345
0.540481
0.550242
0.572566
0.560002
0.553158
0.550753
0.564499
0.547807
0.558301
0.595658
0.582266
0.585617
0.560077
0.59339
0.604002
0.610582
0.56844
0.549096
0.551302
0.574817
0.571682
0.595193
0.570682
0.584439
0.555573
0.557628
0.560469
0.567909
0.555652
0.552751
0.542003
0.561019
0.566622
0.583971
0.576345
0.568248
0.574262
0.551569
0.554995
0.540325
0.531914
0.528434
0.530485
0.530889
0.516559
0.522193
0.527447
0.534906
0.56225
0.578216
0.55989
0.53736
0.541116
0.53513
0.542277
0.538091
0.534098
0.513735
0.508199
0.538684
0.534708
0.550961
0.549199
0.536991
0.531204
0.529952
0.541853
0.532883
0.501213
0.493545
0.49749
0.486344
0.474002
0.477564
0.480059
0.495365
0.483707
0.47434
0.47403
0.47969
0.48063
0.475537
0.483118
0.474708
0.484411
0.492778
0.506421
0.50982
0.49458
0.489571
0.474426
0.498694
0.504227
0.511401
0.492679
0.475199
0.464572
0.466655
0.460925
0.46386
0.47623
0.480095
0.473123
0.490242
0.480671
0.476992
0.44851
0.456213
0.470754
0.481038
0.46453
0.4643
0.462826
0.456297
0.464399
0.477304
0.477429
0.461968
0.482671
0.493702
0.487685
0.472031
0.461829
0.472727
0.468574
0.478348
0.467259
0.459083
0.469425
0.474397
0.483433
0.480817
0.501647
0.506945
0.51424
0.500833
0.474515
0.493219
0.484299
0.46425
0.487501
0.475611
0.479691
0.464891
0.4655
0.448878
0.446012
0.453618
0.456278
0.452151
0.447338
0.435055
0.424542
0.429929
0.440104
0.442708
0.451923
0.449445
0.46182
0.470723
0.459993
0.442092
0.443716
0.442449
0.440992
0.433357
0.442874
0.441898
0.445633
0.454724
0.45526
0.450892
0.451824
0.465664
0.465927
0.449644
0.440664
0.447041
0.446631
0.454519
0.454593
0.447447
0.444405
0.441721
0.448218
0.452737
0.463078
0.467132
0.467138
0.468122
0.460412
0.462423
0.446186
0.45498
0.464011
0.468815
0.4611
0.475844
0.462491
0.458638
0.465051
0.462827
0.467383
0.463867
0.478548
0.482365
0.487126
0.504624
0.512237
0.501889
0.480824
0.478685
0.478965
0.474614
0.483358
0.475006
0.47949
0.469957
0.473118
0.47496
0.464138
0.46746
0.45955
0.462359
0.464521
0.47626
0.468388
0.455671
0.451219
0.455098
0.442753
0.44558
0.438727
0.450071
0.453458
0.465337
0.467979
0.476079
0.472255
0.475786
0.457381
0.450181
0.453352
0.467797
0.473477
0.473118
0.484475
0.481745
0.466415
0.458683
0.472683
0.464803
0.461917
0.458403
0.467298
0.47576
0.471379
0.459274
0.45802
0.45132
0.451004
0.441084
0.445772
0.453153
0.456481
0.452533
0.436366
0.432335
0.432035
0.448169
0.433431
0.430889
0.438785
0.447378
0.45648
0.474285
0.470669
0.469967
0.480525
0.503322
0.506382
0.516546
0.520631
0.509138
0.501709
0.507287
0.516954
0.528395
0.528094
0.526983
0.504695
0.502455
0.507243
0.50792
0.506243
0.494086
0.486684
0.476809
0.470039
0.456705
0.452076
0.467718
0.463458
0.459396
0.454654
0.459367
0.457046
0.458309
0.466498
0.461455
0.455539
0.45561
0.457103
0.449493
0.45535
0.454743
0.460505
0.460673
0.457233
0.454114
0.457865
0.464038
0.466313
0.457233
0.461284
0.456673
0.461957
0.454219
0.471479
0.463805
0.465704
0.473517
0.483261
0.487612
0.487051
0.48592
0.489274
0.488233
0.497661
0.493337
0.473154
0.472665
0.481333
0.501556
0.507665
0.503735
0.505468
0.508761
0.513658
0.517264
0.510372
0.510218
0.501806
0.510975
0.511337
0.499316
0.493178
0.499249
0.512356
0.519978
0.519308
0.502583
0.518485
0.519926
0.510383
0.521557
0.524205
0.510443
0.494735
0.520695
0.522638
0.540373
0.531214
0.517213
0.512944
0.496758
0.488022
0.489179
0.502211
0.503005
0.513166
0.498426
0.499905
0.505671
0.538406
0.525599
0.525545
0.497047
0.500368
0.520008
0.53425
0.533749
0.527494
0.526837
0.552203
0.54077
0.542896
0.54057
0.547695
0.551679
0.567694
0.571287
0.578694
0.570199
0.587978
0.594348
0.591929
0.598776
0.600684
0.599941
0.608492
0.608256
0.601708
0.59781
0.611526
0.595445
0.594211
0.586229
0.591423
0.596554
0.611729
0.64743
0.657243
0.660951
0.637793
0.629606
0.64332
0.640799
0.636318
0.626254
0.636991
0.648611
0.65204
0.635779
0.627303
0.638837
0.640452
0.650042
0.628263
0.616035
0.61763
0.637502
0.64608
0.654686
0.658315
0.661659
0.65763
0.660816
0.669197
0.663517
0.673609
0.669331
0.703568
0.720417
0.723559
0.700589
0.709398
0.724891
0.734649
0.747979
0.757013
0.744121
0.742753
0.753969
0.742699
0.727262
0.732936
0.754524
0.761449
0.760937
0.757064
0.754245
0.767226
0.750285
0.768903
0.765688
0.766714
0.771379
0.781795
0.773193
0.784603
0.781958
0.792564
0.791432
0.80984
0.813897
0.79901
0.796663
0.783053
0.778642
0.782834
0.794781
0.808308
0.815665
0.819985
0.80679
0.812091
0.811984
0.807744
0.804186
0.803734
0.830942
0.839242
0.832312
0.834129
0.830114
0.830649
0.83386
0.872085
0.871078
0.859702
0.840984
0.833012
0.828676
0.847911
0.868059
0.853957
0.845884
0.841234
0.828462
0.837968
0.824739
0.835658
0.822107
0.837161
0.827441
0.823559
0.822006
0.811218
0.81381
0.837797
0.838131
0.859828
0.882698
0.892695
0.897677
0.908625
0.910173
0.886918
0.908476
0.8813
0.924667
0.907862
0.924809
0.913246
0.918037
0.900036
0.911465
0.924127
0.909832
0.896391
0.905781
0.90038
0.887765
0.897219
0.8925
0.904582
0.932894
0.927637
0.941673
0.915566
0.893037
0.882763
0.869768
0.855846
0.842445
0.85115
0.845402
0.843094
0.846611
0.858679
0.868902
0.886518
0.88241
0.883639
0.896801
0.903624
0.890628
0.865694
0.872981
0.869095
0.864473
0.87645
0.900538
0.896344
0.88951
0.889373
0.907947
0.899162
0.921166
0.882669
0.900012
0.889882
0.892877
0.850404
0.837257
0.82513
0.81327
0.805549
0.808169
0.822738
0.837891
0.829831
0.851739
0.88209
0.873036
0.872354
0.857847
0.850687
0.850581
0.868914
0.883495
0.868343
0.871781
0.852732
0.835447
0.822809
0.820503
0.852552
0.866291
0.86137
0.837733
0.840816
0.84611
0.843771
0.826647
0.825354
0.835182
0.854003
0.891984
0.895423
0.896093
0.867073
0.868122
0.869294
0.881514
0.882182
0.869998
0.85837
0.848672
0.832362
0.869157
0.87059
0.867848
0.841932
0.845103
0.849409
0.842315
0.840655
0.847143
0.860025
0.851681
0.826648
0.799406
0.799332
0.823663
0.826838
0.845675
0.836146
0.852117
0.872093
0.881552
0.871698
0.865158
0.865354
0.886001
0.885912
0.898431
0.87283
0.884964
0.862086
0.855763
0.864353
0.853977
0.869962
0.865977
0.861385
0.838418
0.848115
0.839159
0.836466
0.823441
0.843046
0.868798
0.875827
0.878242
0.865679
0.874872
0.870136
0.859654
0.855185
0.861144
0.867575
0.840224
0.831984
0.829388
0.834693
0.841583
0.839775
0.850115
0.846819
0.847014
0.83982
0.828213
0.815815
0.80275
0.804306
0.807245
0.825333
0.820517
0.812987
0.806112
0.80918
0.809568
0.826302
0.828236
0.819672
0.80736
0.78753
0.795839
0.829007
0.855947
0.861475
0.84723
0.824155
0.823674
0.843423
0.862414
0.873777
0.842088
0.831897
0.827341
0.81893
0.832622
0.827068
0.838258
0.857395
0.848553
0.860822
0.860438
0.825613
0.808911
0.800201
0.791891
0.788415
0.784306
0.774394
0.777492
0.776934
0.798122
0.802117
0.800442
0.815162
0.79591
0.773999
0.75966
0.739933
0.759856
0.764073
0.779472
0.76907
0.781132
0.780138
0.773717
0.774
0.764645
0.785171
0.811135
0.843906
0.842911
0.793932
0.782427
0.777506
0.78386
0.785275
0.776135
0.786747
0.796297
0.799507
0.797739
0.74467
0.740226
0.723703
0.73706
0.745615
0.732442
0.71638
0.715077
0.719572
0.726707
0.701746
0.70093
0.698038
0.677398
0.668446
0.671084
0.674908
0.673737
0.691633
0.686345
0.661198
0.645711
0.643957
0.648514
0.662783
0.677024
0.673452
0.666519
0.666846
0.674436
0.625398
0.615663
0.622418
0.621821
0.591932
0.579214
0.567667
0.604052
0.59886
0.602782
0.572021
0.58691
0.59089
0.568997
0.556739
0.555448
0.563651
0.56855
0.565625
0.551051
0.493705
0.509604
0.512596
0.524748
0.525274
0.554037
0.566346
0.567273
0.546963
0.542181
0.49482
0.498064
0.492393
0.486396
0.488702
0.467699
0.484378
0.477345
0.486721
0.466839
0.428256
0.43253
0.422663
0.418712
0.408085
0.403385
0.412907
0.420149
0.43329
0.422375
0.38856
0.392867
0.3957
0.404252
0.396881
0.40935
0.40102
0.399492
0.381569
0.38221
0.338823
0.337398
0.34465
0.355314
0.363527
0.3477
0.353263
0.353057
0.357688
0.339871
0.315535
0.310166
0.303902
0.300592
0.295646
0.29383
0.298933
0.311019
0.31321
0.313861
0.056165
0.062732
0.309202
0.3425
0.346368
0.259401
0.350202
0.348867
0.25477
0.293992
0.240544
0.243251
0.247222
0.207803
0.236389
0.2419
0.325723
0.327579
0.32489
0.248201
0.24859
0.255947
0.227936
0.228955
0.229661
0.23393
0.321803
0.324067
0.322316
0.214135
0.183629
0.186641
0.184603
0.185143
0.326247
0.327901
0.333625
0.234999
0.198058
0.240433
0.413357
0.425385
0.42676
0.428648
0.424005
0.423185
0.420504
0.421371
0.424167
0.426634
0.425055
0.426637
0.425045
0.424962
0.422452
0.426568
0.428334
0.433638
0.43186
0.429286
0.416212
0.417485
0.416526
0.416371
0.41251
0.414935
0.41338
0.41295
0.415245
0.412659
0.410478
0.419959
0.420217
0.423575
0.418401
0.420539
0.421916
0.419613
0.41765
0.419171
0.412166
0.41209
0.413678
0.412659
0.411961
0.41187
0.424246
0.428024
0.430458
0.421063
0.409196
0.409153
0.411727
0.411974
0.412776
0.412141
0.411126
0.409996
0.408571
0.409371
0.407029
0.406292
0.407011
0.406291
0.40705
0.408468
0.408536
0.40614
0.401831
0.403672
0.401866
0.401716
0.399469
0.399869
0.400155
0.404279
0.40062
0.399642
0.401468
0.403302
0.40257
0.402992
0.404344
0.402563
0.404002
0.415754
0.415623
0.414498
0.404306
0.408905
0.404316
0.404357
0.40299
0.404055
0.403349
0.400245
0.399081
0.400578
0.399648
0.39646
0.393451
0.394021
0.395897
0.395443
0.395653
0.393635
0.392577
0.392356
0.393358
0.393583
0.391152
0.391746
0.39196
0.391495
0.395956
0.398422
0.397684
0.396826
0.395913
0.397719
0.396723
0.395986
0.393722
0.394949
0.393943
0.392742
0.394145
0.393174
0.392163
0.392294
0.391609
0.391784
0.395307
0.394752
0.397122
0.392108
0.403304
0.403812
0.406568
0.406791
0.406492
0.40711
0.397018
0.398625
0.397316
0.398456
0.397823
0.399837
0.399372
0.39999
0.398418
0.399056
0.402107
0.413138
0.413327
0.412139
0.403685
0.404169
0.407921
0.404993
0.403614
0.399687
0.402264
0.400189
0.400329
0.397037
0.398517
0.407552
0.408663
0.406279
0.397522
0.396765
0.396383
0.395697
0.397162
0.396462
0.396157
0.39366
0.394215
0.395913
0.396886
0.397609
0.39668
0.398759
0.400455
0.400465
0.397233
0.396863
0.407679
0.40721
0.403114
0.391991
0.391998
0.392227
0.391143
0.391856
0.393165
0.394917
0.392394
0.390822
0.383265
0.385926
0.386517
0.388667
0.38644
0.388156
0.388863
0.392419
0.393018
0.394146
0.391605
0.39304
0.392491
0.394001
0.39688
0.396913
0.398562
0.396051
0.397275
0.396803
0.394923
0.39545
0.400628
0.400601
0.401064
0.401594
0.401649
0.401402
0.40293
0.414906
0.414876
0.416049
0.40326
0.406919
0.406444
0.40779
0.409177
0.410978
0.410261
0.413303
0.417319
0.415362
0.411669
0.41037
0.410069
0.410107
0.411519
0.408605
0.411442
0.409728
0.406773
0.403852
0.41319
0.41282
0.411134
0.405617
0.405604
0.406818
0.408685
0.409561
0.410797
0.414087
0.41257
0.411376
0.402515
0.403307
0.402185
0.408583
0.419622
0.420115
0.425703
0.417588
0.426075
0.416983
0.417861
0.410856
0.4078
0.406632
0.392468
0.39235
0.389987
0.390958
0.392122
0.39017
0.389172
0.389961
0.394317
0.389345
0.392688
0.392573
0.388922
0.389779
0.392373
0.393953
0.404991
0.396069
0.396534
0.388965
0.38589
0.389719
0.390364
0.387813
0.382777
0.383429
0.385482
0.391283
0.39453
0.390133
0.386556
0.38117
0.381175
0.381858
0.378982
0.383229
0.392481
0.394909
0.394713
0.379813
0.380521
0.380427
0.3793
0.387058
0.386619
0.391393
0.386452
0.379787
0.382264
0.414717
0.412132
0.41218
0.380804
0.379362
0.394938
0.397108
0.396246
0.38565
0.39612
0.40866
0.394743
0.384212
0.364958
0.355777
0.342424
0.3381
0.322258
0.330502
0.349592
0.352571
0.346863
0.362712
0.353707
0.355677
0.354145
0.356089
0.356998
0.346918
0.34311
0.360181
0.335552
0.377686
0.381018
0.391985
0.373495
0.368295
0.359884
0.363764
0.358455
0.367855
0.34566
0.357774
0.352523
0.371879
0.373852
0.380291
0.40116
0.409928
0.394059
0.37475
0.355669
0.385698
0.430128
0.436776
0.403278
0.372508
0.384383
0.388467
0.405136
0.401504
0.418634
0.429599
0.440368
0.4268
0.464235
0.431908
0.450373
0.439957
0.444664
0.442271
0.427619
0.42279
0.429217
0.434423
0.450752
0.440411
0.492613
0.529259
0.54101
0.49246
0.45603
0.477834
0.474994
0.518697
0.530341
0.52681
0.499781
0.526672
0.527875
0.569404
0.567928
0.578619
0.541698
0.571679
0.565701
0.564451
0.586334
0.598785
0.592395
0.555614
0.586934
0.595427
0.59872
0.599299
0.60478
0.590219
0.58925
0.570396
0.58648
0.57667
0.565673
0.553432
0.552682
0.541434
0.567716
0.569287
0.562643
0.565113
0.56515
0.584823
0.59187
0.616608
0.587109
0.57515
0.587572
0.572276
0.573566
0.550162
0.556853
0.585545
0.607542
0.605981
0.532947
0.509159
0.536036
0.561426
0.573157
0.558836
0.561357
0.560972
0.548463
0.539577
0.515989
0.536379
0.521784
0.527563
0.521038
0.511279
0.513163
0.534083
0.559221
0.572482
0.513693
0.525347
0.51106
0.520174
0.540539
0.533368
0.555069
0.533488
0.54269
0.540114
0.491556
0.480692
0.466416
0.482821
0.467852
0.475663
0.454866
0.472568
0.471339
0.480788
0.481075
0.509823
0.502991
0.506591
0.514045
0.495815
0.505873
0.502218
0.521098
0.510354
0.502619
0.514782
0.502874
0.514498
0.506786
0.519178
0.523036
0.511395
0.500505
0.501632
0.480798
0.49382
0.477667
0.49058
0.474239
0.472114
0.478439
0.480489
0.493756
0.480423
0.468611
0.463564
0.486848
0.506323
0.500889
0.4895
0.485061
0.498524
0.500959
0.497263
0.497792
0.4856
0.495934
0.50415
0.517213
0.509599
0.516646
0.518349
0.525369
0.549832
0.547077
0.546601
0.528034
0.52425
0.514599
0.492206
0.485424
0.484431
0.468318
0.485821
0.456562
0.472982
0.478215
0.498421
0.530473
0.51782
0.506255
0.481638
0.483984
0.478518
0.467654
0.464946
0.473957
0.475199
0.474037
0.475278
0.478462
0.480781
0.472027
0.483301
0.463999
0.465574
0.473074
0.487147
0.475992
0.480003
0.457719
0.467585
0.465136
0.490189
0.483526
0.492883
0.474946
0.47627
0.481548
0.47099
0.463962
0.457788
0.451769
0.458378
0.446381
0.439641
0.439261
0.433126
0.430072
0.423713
0.440632
0.442104
0.44682
0.424186
0.419604
0.421047
0.433506
0.431447
0.441603
0.437543
0.443435
0.433095
0.43027
0.433992
0.426356
0.428572
0.430986
0.438718
0.438293
0.436204
0.429988
0.41868
0.427255
0.429409
0.433598
0.442674
0.446675
0.455847
0.442718
0.417984
0.415295
0.412767
0.427726
0.441038
0.444953
0.443401
0.441528
0.442391
0.44822
0.45213
0.466154
0.459074
0.456376
0.441462
0.435118
0.427402
0.436523
0.433175
0.447139
0.456565
0.462833
0.458619
0.44166
0.440191
0.445642
0.445267
0.443715
0.437564
0.444904
0.441465
0.435085
0.451659
0.449743
0.446121
0.41875
0.425879
0.414872
0.415252
0.398117
0.39116
0.383736
0.387812
0.399486
0.409166
0.397799
0.40541
0.416022
0.421997
0.425013
0.438157
0.443583
0.434005
0.434458
0.409848
0.41573
0.419615
0.421539
0.437658
0.434704
0.457617
0.456622
0.456415
0.44129
0.438811
0.429709
0.433662
0.443288
0.43868
0.438819
0.428239
0.440856
0.443669
0.446067
0.448641
0.437411
0.431412
0.433189
0.422029
0.419275
0.421363
0.42709
0.441967
0.455795
0.449963
0.437913
0.426874
0.420104
0.407798
0.406503
0.399276
0.408494
0.41874
0.430726
0.434462
0.434154
0.444494
0.439625
0.447619
0.445344
0.438933
0.443457
0.434666
0.434939
0.455454
0.493905
0.498073
0.498768
0.475139
0.459757
0.452356
0.4614
0.45687
0.461186
0.459605
0.465362
0.455251
0.459918
0.452477
0.447439
0.451958
0.474599
0.491406
0.499026
0.490233
0.466078
0.4694
0.462833
0.473155
0.476397
0.480592
0.4884
0.488454
0.489042
0.477493
0.468245
0.475879
0.474575
0.464573
0.459291
0.455017
0.45898
0.469153
0.478911
0.472841
0.475411
0.482633
0.476915
0.475703
0.482335
0.473133
0.472483
0.479031
0.490111
0.49063
0.475844
0.490759
0.494927
0.488312
0.477169
0.482823
0.494826
0.499026
0.487802
0.483002
0.464516
0.469186
0.469928
0.483472
0.498738
0.496867
0.494652
0.492696
0.49469
0.511851
0.494322
0.496841
0.495205
0.496284
0.489184
0.468313
0.466845
0.476551
0.482928
0.47866
0.477571
0.459672
0.458363
0.453125
0.441337
0.457324
0.459347
0.462958
0.455543
0.455426
0.468542
0.482154
0.48347
0.478052
0.484706
0.49088
0.497583
0.491203
0.476597
0.484116
0.469956
0.472262
0.479257
0.482842
0.482647
0.488317
0.48464
0.477732
0.469679
0.471969
0.455596
0.461337
0.477193
0.481192
0.476148
0.468314
0.462996
0.455163
0.455714
0.45306
0.451955
0.450207
0.459452
0.462123
0.461652
0.452614
0.439473
0.445391
0.436507
0.457925
0.453432
0.452431
0.44377
0.449742
0.467546
0.467481
0.466948
0.455402
0.457731
0.468632
0.474947
0.48189
0.496402
0.497734
0.489659
0.493062
0.486509
0.490614
0.494065
0.498889
0.508893
0.507756
0.507291
0.488857
0.482937
0.491933
0.495349
0.515227
0.507365
0.499186
0.518065
0.529553
0.536682
0.541869
0.548476
0.534003
0.518407
0.523636
0.523874
0.540484
0.549253
0.571294
0.579988
0.576441
0.560744
0.544816
0.545844
0.531833
0.545707
0.557388
0.596419
0.625629
0.600457
0.605994
0.599152
0.593435
0.592042
0.594729
0.583722
0.599441
0.621229
0.631428
0.632721
0.645546
0.647449
0.666591
0.667957
0.678442
0.688282
0.678536
0.683015
0.680553
0.677533
0.667389
0.672821
0.67368
0.704954
0.700096
0.70107
0.696843
0.709908
0.706293
0.696935
0.68316
0.703652
0.721936
0.742191
0.716916
0.712686
0.70422
0.725904
0.737828
0.728383
0.730087
0.728122
0.746563
0.740008
0.7666
0.749565
0.74185
0.749945
0.749445
0.757739
0.767497
0.787074
0.778644
0.764933
0.741642
0.738152
0.744724
0.743531
0.734339
0.72654
0.734004
0.752167
0.769441
0.768615
0.777258
0.760629
0.739548
0.728683
0.720941
0.71598
0.727674
0.741591
0.761654
0.756204
0.756348
0.754367
0.769672
0.785863
0.798201
0.823487
0.813816
0.815441
0.800353
0.794639
0.798763
0.800368
0.827686
0.821818
0.816311
0.817029
0.826622
0.850515
0.822968
0.830208
0.829744
0.844218
0.859325
0.846427
0.836557
0.831043
0.8241
0.827608
0.834991
0.842075
0.831293
0.840588
0.841851
0.839186
0.838754
0.826153
0.815446
0.816408
0.811428
0.818925
0.817392
0.83693
0.830046
0.833552
0.839157
0.845253
0.842845
0.846633
0.853253
0.847058
0.86285
0.841978
0.836347
0.826574
0.832955
0.843284
0.848149
0.860677
0.851628
0.857146
0.871169
0.880065
0.844585
0.844917
0.828331
0.845731
0.834476
0.860529
0.826911
0.82192
0.805202
0.825808
0.826897
0.83079
0.817637
0.836022
0.831151
0.839605
0.838935
0.844658
0.854943
0.847565
0.857257
0.842576
0.864856
0.877463
0.897613
0.880897
0.887953
0.869408
0.880524
0.889321
0.877462
0.83167
0.824223
0.824442
0.822405
0.818665
0.826023
0.812435
0.814175
0.825806
0.822903
0.819511
0.804263
0.809662
0.800263
0.801372
0.806236
0.806238
0.819459
0.826321
0.82881
0.832837
0.822152
0.833945
0.835637
0.83441
0.837182
0.818646
0.81113
0.807509
0.84101
0.845988
0.859493
0.82888
0.80416
0.810792
0.820051
0.823648
0.817808
0.789818
0.78991
0.779309
0.791396
0.78145
0.787834
0.779697
0.809326
0.814128
0.827105
0.805454
0.806092
0.807075
0.822651
0.830453
0.828756
0.829712
0.855917
0.870071
0.874664
0.886589
0.884104
0.85018
0.840103
0.842852
0.840236
0.837745
0.852743
0.845296
0.844044
0.837291
0.823638
0.826877
0.82236
0.811939
0.794464
0.798779
0.794939
0.80981
0.802491
0.817887
0.799494
0.812241
0.809832
0.826329
0.817277
0.807135
0.815257
0.813109
0.801262
0.784656
0.806072
0.824783
0.851972
0.83977
0.822285
0.798742
0.796675
0.824192
0.846298
0.854548
0.845856
0.841974
0.817941
0.828957
0.836071
0.842972
0.852867
0.848924
0.853268
0.832318
0.824546
0.828019
0.833169
0.854835
0.840241
0.827591
0.824718
0.820893
0.812345
0.809843
0.82127
0.823013
0.836986
0.81968
0.816208
0.819886
0.832215
0.82186
0.820075
0.80885
0.826618
0.848655
0.845474
0.848202
0.838299
0.846935
0.846392
0.851152
0.850566
0.832862
0.833984
0.850774
0.875918
0.877337
0.856876
0.818476
0.823363
0.820102
0.823634
0.814367
0.804988
0.785994
0.803452
0.820943
0.845149
0.852288
0.843485
0.863721
0.845686
0.846376
0.803378
0.785192
0.787499
0.784242
0.776696
0.792147
0.78768
0.790873
0.786386
0.785347
0.78117
0.786885
0.774744
0.789782
0.775015
0.773494
0.760988
0.760557
0.78774
0.796074
0.799412
0.757956
0.747192
0.741252
0.75921
0.760609
0.759274
0.747002
0.73762
0.739047
0.73641
0.710432
0.717505
0.728337
0.720644
0.748989
0.77298
0.767988
0.758335
0.735552
0.716568
0.677148
0.69106
0.709183
0.711915
0.720663
0.718302
0.736366
0.725148
0.69471
0.68825
0.662813
0.675007
0.660549
0.660773
0.652747
0.660444
0.678842
0.683034
0.683069
0.681488
0.637121
0.626966
0.62825
0.640867
0.648438
0.648613
0.635958
0.640214
0.646243
0.641542
0.598776
0.601712
0.612417
0.621674
0.594647
0.594004
0.582622
0.581147
0.577484
0.576728
0.53578
0.551684
0.550634
0.541146
0.542142
0.55516
0.568634
0.569571
0.569529
0.563613
0.4708
0.470956
0.477252
0.486478
0.494399
0.489615
0.488981
0.505407
0.506247
0.511137
0.459057
0.454114
0.455033
0.462346
0.465309
0.464487
0.463441
0.466462
0.467466
0.463001
0.44175
0.446798
0.455957
0.440703
0.42689
0.415124
0.414586
0.425148
0.423183
0.421278
0.362044
0.375547
0.385849
0.380502
0.376965
0.376065
0.374027
0.371445
0.367123
0.367534
0.34234
0.34945
0.337139
0.337147
0.332386
0.341932
0.342363
0.339456
0.347762
0.354343
0.326621
0.322815
0.302577
0.304354
0.309488
0.321962
0.318606
0.304288
0.289399
0.29255
0.123854
0.128207
0.131304
0.130434
0.137391
0.144201
0.154628
0.185185
0.189831
0.193115
0.239529
0.245781
0.248591
0.289599
0.450497
0.448308
0.459509
0.333302
0.370469
0.372156
0.360989
0.36284
0.396013
0.300964
0.331219
0.426159
0.430231
0.433062
0.349638
0.34893
0.513182
0.55362
0.561485
0.367466
0.401365
0.398457
0.396059
0.399278
0.375047
0.374694
0.392599
0.393253
0.38979
0.389136
0.390254
0.388964
0.39101
0.395995
0.398926
0.398034
0.381498
0.378277
0.378842
0.375685
0.386953
0.393218
0.396444
0.393568
0.398787
0.400111
0.384428
0.379036
0.386243
0.382524
0.37892
0.379606
0.380083
0.382541
0.385061
0.38971
0.38643
0.380924
0.377993
0.383272
0.387545
0.388676
0.386292
0.387708
0.394275
0.392593
0.377564
0.37106
0.368808
0.368843
0.371192
0.370184
0.374403
0.375253
0.375647
0.375411
0.36809
0.381744
0.381255
0.38629
0.376249
0.379691
0.380682
0.382621
0.383005
0.385898
0.3844
0.384397
0.396509
0.397139
0.395456
0.381613
0.375886
0.376052
0.375165
0.378498
0.370955
0.367284
0.361374
0.359325
0.364273
0.357882
0.360251
0.363253
0.362896
0.360401
0.355935
0.356544
0.359647
0.355935
0.356958
0.35684
0.35583
0.355999
0.35279
0.352862
0.354041
0.353297
0.356733
0.357693
0.360493
0.358609
0.355016
0.352686
0.352257
0.36143
0.359673
0.359487
0.358524
0.360582
0.357813
0.358466
0.359184
0.358553
0.358165
0.360476
0.349195
0.350018
0.352065
0.353122
0.352332
0.354412
0.355176
0.357853
0.356442
0.354115
0.348734
0.347536
0.351115
0.348928
0.350163
0.353032
0.353841
0.356153
0.355983
0.357502
0.345398
0.345323
0.343309
0.342941
0.340496
0.340085
0.339619
0.339778
0.34058
0.341145
0.338045
0.338654
0.340248
0.339759
0.339805
0.339965
0.339434
0.3398
0.342105
0.343682
0.341638
0.341327
0.340269
0.341279
0.341792
0.341896
0.341987
0.340649
0.340711
0.341129
0.340718
0.343149
0.343853
0.342625
0.338286
0.338762
0.347417
0.350349
0.353207
0.352983
0.350741
0.349702
0.352928
0.351326
0.352721
0.350111
0.349547
0.348665
0.347419
0.3483
0.347817
0.349204
0.344879
0.348874
0.347594
0.347823
0.340624
0.340111
0.34446
0.345025
0.345944
0.344015
0.345144
0.34303
0.345536
0.346578
0.34628
0.345084
0.347871
0.350593
0.335404
0.336496
0.33732
0.336733
0.33691
0.336123
0.338486
0.338205
0.337132
0.339496
0.338351
0.337954
0.335251
0.338274
0.33865
0.339167
0.336831
0.33976
0.342656
0.343602
0.34176
0.344024
0.34546
0.346769
0.344725
0.345682
0.345904
0.34624
0.346199
0.346076
0.34985
0.348552
0.345021
0.344118
0.345276
0.341756
0.342097
0.341895
0.341202
0.340196
0.340703
0.339524
0.339614
0.344769
0.347271
0.347127
0.344794
0.34729
0.366162
0.363062
0.361095
0.346022
0.346533
0.347214
0.344451
0.354974
0.356278
0.356226
0.347363
0.343389
0.34786
0.348471
0.349323
0.350248
0.349912
0.349277
0.347966
0.349953
0.350124
0.349592
0.352787
0.352587
0.351748
0.357375
0.344204
0.344876
0.335811
0.337481
0.335121
0.338706
0.339595
0.343364
0.340446
0.348409
0.351719
0.361325
0.356342
0.356332
0.346202
0.345186
0.349685
0.349193
0.353587
0.346306
0.349289
0.348165
0.354803
0.353742
0.356361
0.359709
0.362066
0.364111
0.364352
0.361236
0.360139
0.359015
0.373118
0.369523
0.367697
0.352749
0.3461
0.346926
0.342674
0.342462
0.341794
0.343626
0.35065
0.348175
0.347578
0.345761
0.3361
0.323924
0.324684
0.32267
0.324461
0.320785
0.323214
0.325488
0.32838
0.327807
0.32077
0.332052
0.332258
0.335892
0.317107
0.321857
0.317931
0.323935
0.319637
0.316132
0.310036
0.307797
0.305078
0.303506
0.296097
0.296113
0.293362
0.299815
0.296665
0.300836
0.309123
0.309487
0.310724
0.320243
0.309671
0.312404
0.299505
0.291539
0.278564
0.282605
0.28823
0.294426
0.294386
0.295703
0.306748
0.305858
0.290568
0.284144
0.277303
0.278878
0.279018
0.25939
0.251464
0.228325
0.237596
0.252137
0.258403
0.253873
0.243441
0.24027
0.260639
0.274653
0.27018
0.270574
0.278089
0.299961
0.308742
0.305587
0.293641
0.289394
0.280911
0.293036
0.305707
0.314171
0.300183
0.316132
0.325759
0.341146
0.328592
0.324086
0.337937
0.343099
0.346463
0.313648
0.297818
0.293399
0.287522
0.299808
0.299274
0.303059
0.310596
0.336411
0.362298
0.363357
0.34573
0.363373
0.387964
0.385461
0.381721
0.381695
0.395739
0.370452
0.370724
0.367199
0.370031
0.376589
0.365018
0.373806
0.355689
0.345397
0.349405
0.360643
0.374348
0.379764
0.366807
0.343837
0.36344
0.374083
0.411578
0.387323
0.418306
0.402649
0.40887
0.389358
0.400974
0.419048
0.432401
0.4335
0.427145
0.432715
0.442119
0.458709
0.467543
0.479949
0.501415
0.504286
0.523322
0.522829
0.53259
0.554858
0.533553
0.497946
0.486787
0.485326
0.509276
0.528969
0.543538
0.516982
0.498128
0.51033
0.535507
0.530642
0.518261
0.513527
0.513695
0.528841
0.544863
0.529808
0.54539
0.565232
0.545156
0.532337
0.550771
0.565461
0.577525
0.581438
0.559872
0.561262
0.569415
0.569294
0.549026
0.559631
0.577543
0.586576
0.58535
0.61393
0.640248
0.651968
0.633415
0.607294
0.621687
0.630127
0.628771
0.62056
0.629408
0.661226
0.68442
0.697011
0.695319
0.687688
0.682365
0.693568
0.673173
0.671822
0.663603
0.681795
0.685288
0.675474
0.692062
0.71022
0.730628
0.727762
0.697063
0.688263
0.701209
0.693809
0.697713
0.695294
0.716175
0.729718
0.739621
0.734517
0.744501
0.726996
0.719684
0.717116
0.727063
0.762656
0.777728
0.811021
0.775448
0.758469
0.741577
0.739099
0.750068
0.742862
0.763179
0.76066
0.776113
0.730961
0.724237
0.72593
0.726732
0.723095
0.732267
0.750235
0.771235
0.7678
0.735305
0.744132
0.751993
0.770657
0.748024
0.742282
0.750245
0.784328
0.752398
0.738621
0.719384
0.730989
0.702936
0.682701
0.678337
0.691582
0.702495
0.718042
0.671069
0.647103
0.65165
0.684845
0.715745
0.731685
0.731788
0.696976
0.676897
0.72449
0.724178
0.734526
0.689465
0.678291
0.679717
0.670535
0.672639
0.667387
0.666541
0.678152
0.677332
0.662888
0.662354
0.687004
0.714222
0.690727
0.658395
0.630298
0.615848
0.618348
0.648607
0.66821
0.665094
0.663353
0.664903
0.674334
0.6714
0.65562
0.658527
0.662695
0.65951
0.672669
0.674592
0.681143
0.663825
0.67314
0.661091
0.664583
0.674772
0.686246
0.696986
0.703346
0.746221
0.736607
0.761794
0.739366
0.724901
0.712394
0.697382
0.686741
0.666409
0.66488
0.670131
0.665891
0.676901
0.670286
0.682912
0.676763
0.668967
0.683022
0.683604
0.680423
0.659717
0.665381
0.700764
0.703083
0.711819
0.694129
0.686979
0.688911
0.686765
0.672378
0.663687
0.659519
0.67245
0.653522
0.638929
0.642161
0.634153
0.637564
0.627745
0.630712
0.621568
0.623615
0.616779
0.616301
0.617963
0.616106
0.603454
0.596292
0.604594
0.602419
0.620992
0.608237
0.616866
0.612595
0.621221
0.623692
0.644544
0.643727
0.634818
0.635605
0.634276
0.632408
0.634679
0.648962
0.644859
0.643833
0.630789
0.634978
0.637142
0.633571
0.631077
0.630428
0.618452
0.622155
0.614023
0.605965
0.580242
0.587052
0.58678
0.603368
0.607049
0.605613
0.588916
0.58778
0.596434
0.586026
0.575468
0.582885
0.572047
0.580669
0.588784
0.620259
0.61223
0.592326
0.573412
0.588117
0.589106
0.602937
0.618562
0.610922
0.596436
0.590695
0.604091
0.599532
0.585781
0.592029
0.587613
0.59855
0.588141
0.572503
0.586503
0.588711
0.601306
0.602668
0.614078
0.607611
0.611469
0.605213
0.623997
0.632936
0.633188
0.626131
0.628947
0.62621
0.632327
0.630533
0.639611
0.636297
0.641503
0.645792
0.655454
0.647225
0.630885
0.64468
0.651337
0.662664
0.647712
0.663633
0.681197
0.686251
0.703789
0.686635
0.66409
0.661157
0.67381
0.666355
0.665359
0.66286
0.643954
0.641719
0.645271
0.65243
0.662083
0.670162
0.66684
0.672631
0.678812
0.68482
0.69051
0.711172
0.71899
0.734636
0.703131
0.681956
0.67664
0.683916
0.700608
0.699649
0.697641
0.705955
0.701464
0.70163
0.684041
0.677009
0.686054
0.685562
0.68649
0.687087
0.681321
0.682102
0.670058
0.675623
0.68687
0.693194
0.701311
0.696755
0.676285
0.687405
0.6912
0.677581
0.665272
0.670433
0.663289
0.664698
0.658896
0.650771
0.651522
0.651153
0.652062
0.647094
0.649932
0.653778
0.645649
0.660121
0.668339
0.666325
0.669912
0.683288
0.672238
0.663055
0.664861
0.66311
0.649189
0.639769
0.626522
0.631385
0.656258
0.676671
0.676843
0.670898
0.660807
0.660205
0.669465
0.670132
0.663608
0.658676
0.656096
0.669164
0.686018
0.699347
0.696018
0.681482
0.673771
0.671663
0.692607
0.695127
0.695483
0.677354
0.688453
0.674409
0.692937
0.677604
0.669706
0.651729
0.6433
0.630216
0.637774
0.639889
0.642605
0.65009
0.664236
0.659908
0.653745
0.645078
0.656892
0.656506
0.668075
0.671879
0.670092
0.673751
0.687324
0.690294
0.701592
0.69129
0.675241
0.660952
0.670027
0.671527
0.696318
0.697565
0.690018
0.713337
0.719727
0.724615
0.709002
0.702537
0.709698
0.694451
0.684294
0.698538
0.692002
0.693761
0.679137
0.692689
0.690508
0.695929
0.697668
0.691707
0.679346
0.675431
0.672033
0.688594
0.690019
0.69844
0.712998
0.718616
0.719428
0.721201
0.731137
0.727409
0.718728
0.731191
0.737276
0.737921
0.746338
0.739346
0.724089
0.722336
0.732831
0.755032
0.780519
0.782568
0.770362
0.732311
0.726852
0.737507
0.737315
0.73178
0.739487
0.757514
0.749354
0.755956
0.750538
0.756333
0.723641
0.727151
0.744404
0.759508
0.764134
0.761441
0.777137
0.777098
0.774672
0.780156
0.781745
0.788277
0.780486
0.794016
0.803153
0.815452
0.811027
0.804082
0.793717
0.800904
0.797976
0.806693
0.804208
0.804222
0.808083
0.803411
0.801713
0.791387
0.801944
0.804377
0.794422
0.796214
0.784698
0.793769
0.797954
0.786188
0.781101
0.785584
0.802002
0.818247
0.83065
0.831185
0.830571
0.824841
0.815989
0.808092
0.821074
0.822484
0.831653
0.833198
0.868208
0.86526
0.858416
0.855447
0.847094
0.856491
0.866914
0.874403
0.869381
0.883639
0.878684
0.886389
0.86995
0.880979
0.88615
0.890068
0.876972
0.883356
0.87135
0.860505
0.860444
0.8798
0.877173
0.857125
0.853392
0.872858
0.860161
0.867765
0.869562
0.875719
0.851135
0.844873
0.850757
0.846281
0.852882
0.850972
0.87498
0.891091
0.890208
0.897913
0.875315
0.86227
0.851117
0.849337
0.871983
0.873729
0.870303
0.872847
0.874203
0.8753
0.891319
0.884671
0.894578
0.862208
0.870507
0.869223
0.892383
0.8805
0.877202
0.86274
0.867235
0.8741
0.882199
0.875904
0.870659
0.864808
0.8584
0.861934
0.849962
0.842635
0.837381
0.863196
0.86214
0.872498
0.859029
0.838873
0.857922
0.863476
0.867947
0.850501
0.855563
0.86352
0.869389
0.863601
0.876341
0.907443
0.905077
0.900458
0.877884
0.866876
0.870869
0.856219
0.872018
0.860063
0.869184
0.861586
0.850823
0.847798
0.842238
0.848882
0.869381
0.852802
0.845652
0.849997
0.846102
0.841256
0.851113
0.8539
0.876357
0.885053
0.877097
0.876445
0.877494
0.870438
0.894939
0.883648
0.889105
0.858934
0.882371
0.901951
0.907638
0.914233
0.910299
0.921547
0.916481
0.916422
0.918528
0.913109
0.888829
0.879094
0.895091
0.891794
0.889117
0.883834
0.866014
0.870909
0.871937
0.875311
0.883822
0.883727
0.905196
0.873958
0.844652
0.810428
0.82471
0.834212
0.823951
0.800631
0.803409
0.805833
0.80575
0.802722
0.817663
0.821486
0.830695
0.817232
0.844894
0.827584
0.815276
0.802417
0.818922
0.819942
0.827459
0.815988
0.796101
0.795164
0.802933
0.827769
0.809729
0.809132
0.802507
0.799612
0.788289
0.781802
0.781958
0.788535
0.810943
0.808315
0.825617
0.807265
0.818105
0.805518
0.798777
0.791122
0.789898
0.784738
0.777813
0.778477
0.795508
0.804915
0.802416
0.801009
0.803748
0.81009
0.81474
0.818248
0.826735
0.83004
0.821461
0.830711
0.822067
0.828419
0.809724
0.804374
0.801397
0.800506
0.822679
0.816452
0.803715
0.810707
0.789189
0.794217
0.781827
0.786454
0.801045
0.796753
0.793752
0.794866
0.768236
0.754635
0.761646
0.796554
0.810888
0.814602
0.794281
0.827902
0.822111
0.817527
0.802234
0.794808
0.797572
0.790023
0.789225
0.808572
0.800948
0.801849
0.771563
0.761426
0.777888
0.778674
0.769976
0.765348
0.753761
0.740563
0.729308
0.73022
0.724977
0.730665
0.726065
0.7191
0.724331
0.739261
0.743363
0.750133
0.751846
0.762458
0.747969
0.747531
0.722436
0.722709
0.729173
0.738479
0.740317
0.737794
0.744233
0.751051
0.752332
0.748
0.731138
0.735887
0.728576
0.73435
0.727912
0.720201
0.71953
0.705772
0.716602
0.696651
0.678759
0.690244
0.716209
0.703283
0.679646
0.65599
0.679538
0.710298
0.725243
0.725339
0.706497
0.691058
0.711388
0.717558
0.719474
0.687991
0.680189
0.669659
0.664964
0.671881
0.668202
0.688643
0.685142
0.680564
0.676617
0.675699
0.658721
0.630161
0.624641
0.625438
0.62491
0.633885
0.64578
0.625616
0.630873
0.614339
0.610797
0.607694
0.603831
0.608109
0.582654
0.585441
0.598794
0.606624
0.60876
0.603198
0.606301
0.606883
0.629892
0.641137
0.603773
0.593091
0.582303
0.589656
0.582846
0.600732
0.600116
0.610506
0.599333
0.595628
0.53967
0.548009
0.540508
0.540259
0.534224
0.534616
0.539954
0.553204
0.562693
0.559232
0.515927
0.506062
0.500786
0.501982
0.539251
0.540793
0.567621
0.528865
0.513531
0.524296
0.467647
0.468424
0.441155
0.445567
0.435967
0.454499
0.450766
0.446203
0.443791
0.452804
0.423008
0.419639
0.415406
0.432655
0.442676
0.461399
0.459874
0.464749
0.451196
0.446689
0.393661
0.391021
0.393284
0.393211
0.394793
0.395559
0.394088
0.402308
0.392199
0.375075
0.325691
0.324664
0.336329
0.351262
0.350349
0.338301
0.330402
0.333481
0.319677
0.318913
0.05435
0.188283
0.315932
0.325707
0.235288
0.17779
0.180328
0.182395
0.188638
0.197348
0.248426
0.281849
0.4043
0.458136
0.54002
0.647073
0.656221
0.577685
0.413325
0.412753
0.449607
0.418141
0.391068
0.299781
0.365392
0.440726
0.441004
0.446522
0.343948
0.349661
0.267842
0.233456
0.241439
0.251957
0.254608
0.219987
0.252225
0.253821
0.258761
0.255149
0.445132
0.446215
0.454438
0.459613
0.461436
0.466828
0.469948
0.462359
0.455448
0.455558
0.451602
0.458131
0.457245
0.456367
0.466549
0.4684
0.469702
0.463571
0.465859
0.465819
0.437025
0.44546
0.443408
0.446834
0.443246
0.445426
0.443268
0.444657
0.449333
0.452884
0.447469
0.442256
0.440345
0.440043
0.43947
0.439323
0.433935
0.434829
0.436754
0.441908
0.43511
0.437378
0.435582
0.445002
0.442883
0.447434
0.447213
0.447999
0.443878
0.448541
0.446599
0.449714
0.452345
0.451015
0.44917
0.448049
0.446492
0.447192
0.448224
0.447836
0.447978
0.446447
0.446861
0.439281
0.439682
0.440984
0.439729
0.44013
0.437886
0.435818
0.430723
0.43076
0.430358
0.425487
0.425449
0.432099
0.431869
0.432383
0.428979
0.431008
0.421375
0.421196
0.420483
0.421164
0.423017
0.423931
0.425798
0.427355
0.429399
0.428302
0.43359
0.433224
0.432448
0.426544
0.424173
0.426553
0.424698
0.427695
0.425009
0.424974
0.419161
0.418556
0.421452
0.423462
0.421501
0.418804
0.41703
0.416457
0.416559
0.415928
0.413337
0.41565
0.416113
0.415765
0.413964
0.414365
0.414166
0.414199
0.414958
0.416751
0.41567
0.417594
0.415519
0.418801
0.418799
0.419872
0.416784
0.419882
0.420856
0.420896
0.419738
0.419954
0.421361
0.420744
0.422799
0.421312
0.423378
0.426849
0.427125
0.426368
0.423022
0.424766
0.423625
0.423914
0.421782
0.422343
0.422854
0.419385
0.418431
0.418032
0.413021
0.412501
0.411774
0.410711
0.409289
0.406581
0.405911
0.404521
0.404022
0.404585
0.403375
0.404314
0.404439
0.406226
0.405516
0.406406
0.405995
0.407156
0.408584
0.408581
0.407045
0.408953
0.408444
0.409064
0.407669
0.408588
0.411155
0.412143
0.413295
0.411184
0.412045
0.41072
0.409849
0.410637
0.412305
0.412496
0.411891
0.413331
0.412702
0.413581
0.409566
0.411417
0.410868
0.409584
0.411039
0.41149
0.414418
0.414626
0.416314
0.417623
0.410173
0.410159
0.410564
0.412175
0.410699
0.411229
0.412707
0.413067
0.412514
0.412845
0.415204
0.415816
0.415172
0.412699
0.420804
0.423175
0.424184
0.415818
0.417115
0.418308
0.414607
0.412474
0.412369
0.412261
0.411788
0.410595
0.406973
0.40769
0.41043
0.412059
0.414544
0.413058
0.412994
0.410652
0.410681
0.41005
0.413117
0.412589
0.41364
0.413827
0.409958
0.409884
0.41684
0.41593
0.416354
0.412973
0.413465
0.412848
0.41247
0.415766
0.417586
0.42537
0.425726
0.425757
0.419498
0.418766
0.41563
0.414769
0.416052
0.415047
0.420932
0.423845
0.424486
0.426326
0.430194
0.424882
0.424156
0.422073
0.424056
0.425494
0.425318
0.426794
0.428093
0.428323
0.426413
0.423772
0.422497
0.412977
0.412431
0.413708
0.425395
0.42793
0.41967
0.410861
0.409685
0.398349
0.39869
0.407119
0.407291
0.40827
0.38757
0.386336
0.388296
0.386371
0.386207
0.385298
0.372195
0.381281
0.382278
0.397017
0.39623
0.394717
0.386567
0.37824
0.380949
0.380445
0.378944
0.378618
0.380223
0.378641
0.37678
0.375017
0.378841
0.383082
0.384448
0.380773
0.381108
0.382337
0.387483
0.395081
0.395308
0.400199
0.386873
0.387791
0.392886
0.380961
0.379749
0.383566
0.37717
0.375232
0.365038
0.355114
0.358435
0.3622
0.361381
0.361377
0.37467
0.385251
0.380716
0.375182
0.370361
0.365016
0.365281
0.346989
0.341856
0.344055
0.355239
0.350306
0.346915
0.343621
0.34631
0.359106
0.353775
0.343866
0.337574
0.324626
0.341199
0.320514
0.320377
0.299231
0.298497
0.297906
0.303733
0.296442
0.306061
0.300763
0.29729
0.299516
0.29742
0.29654
0.293757
0.290512
0.274919
0.265383
0.278955
0.279797
0.285162
0.274798
0.268022
0.271078
0.266451
0.272571
0.277137
0.274705
0.278495
0.274013
0.296935
0.289802
0.304123
0.295647
0.294366
0.275755
0.267011
0.261635
0.274112
0.272599
0.300981
0.299185
0.328125
0.328075
0.347763
0.318438
0.329341
0.304455
0.300271
0.288348
0.294676
0.301737
0.319141
0.338316
0.344367
0.313884
0.319538
0.324101
0.336544
0.323088
0.315092
0.347567
0.349783
0.375939
0.34736
0.368821
0.359947
0.355703
0.359353
0.385048
0.409817
0.408494
0.382243
0.361004
0.370107
0.371439
0.378715
0.376663
0.372001
0.375329
0.376419
0.391001
0.407021
0.415038
0.399927
0.390935
0.419239
0.414621
0.419752
0.428101
0.42321
0.425106
0.413354
0.452531
0.463491
0.481296
0.476807
0.479422
0.509107
0.4917
0.490803
0.472498
0.480598
0.477771
0.483856
0.484142
0.461153
0.475092
0.495073
0.484495
0.479379
0.490157
0.514712
0.523151
0.495871
0.50025
0.517669
0.516112
0.520857
0.536541
0.540198
0.544487
0.554409
0.560663
0.523437
0.530171
0.519485
0.521354
0.527359
0.532559
0.561906
0.581099
0.598807
0.582812
0.568897
0.563319
0.571456
0.57182
0.572845
0.606747
0.624177
0.624068
0.594187
0.592324
0.586559
0.595504
0.589654
0.596658
0.596135
0.623066
0.636032
0.644349
0.642924
0.639095
0.637127
0.62328
0.638332
0.660389
0.673783
0.673926
0.679007
0.684533
0.665514
0.699935
0.706821
0.741713
0.750661
0.74035
0.707858
0.676703
0.673407
0.658005
0.657266
0.683997
0.705277
0.767195
0.74442
0.731364
0.698923
0.726687
0.710544
0.708385
0.687672
0.687475
0.668882
0.683173
0.684097
0.701619
0.686536
0.714156
0.704867
0.747409
0.734013
0.730629
0.706512
0.734997
0.764419
0.76222
0.7662
0.738129
0.754432
0.756405
0.765186
0.72843
0.694718
0.703588
0.734853
0.730328
0.749257
0.735772
0.734521
0.703321
0.689063
0.720339
0.727867
0.715911
0.699891
0.700165
0.711111
0.713699
0.689406
0.67738
0.658637
0.662923
0.676205
0.6754
0.644539
0.621285
0.647925
0.653372
0.662518
0.631819
0.640393
0.650489
0.645666
0.633381
0.616362
0.61258
0.613562
0.602715
0.625667
0.615149
0.611052
0.609367
0.621534
0.631417
0.622832
0.614788
0.612556
0.637764
0.633076
0.63637
0.645684
0.639088
0.628929
0.631357
0.639186
0.606827
0.60147
0.622249
0.614901
0.625916
0.648469
0.647901
0.618373
0.618948
0.617422
0.64476
0.640158
0.647916
0.651033
0.67435
0.651713
0.647855
0.612363
0.605526
0.60297
0.587735
0.601405
0.596799
0.605105
0.597492
0.597535
0.596932
0.596258
0.620519
0.636033
0.65964
0.654999
0.665591
0.67637
0.662807
0.662512
0.632413
0.61286
0.598413
0.604162
0.594917
0.601753
0.604718
0.61713
0.595213
0.584849
0.581397
0.588721
0.582249
0.577241
0.586679
0.595108
0.606124
0.60137
0.610854
0.581808
0.591246
0.607252
0.604166
0.592147
0.601278
0.610058
0.628596
0.62313
0.612134
0.604022
0.629636
0.603783
0.595022
0.58879
0.585643
0.601706
0.599331
0.608371
0.584285
0.576271
0.55525
0.553997
0.568204
0.566293
0.579642
0.578051
0.584887
0.597791
0.596355
0.585024
0.568705
0.569575
0.590203
0.594256
0.602693
0.593119
0.583831
0.564094
0.553937
0.545206
0.556931
0.570265
0.547079
0.540788
0.516381
0.520206
0.523246
0.518752
0.542689
0.534419
0.545844
0.555122
0.542955
0.555785
0.54674
0.544337
0.555868
0.55857
0.566929
0.561711
0.574955
0.585879
0.596416
0.586801
0.596652
0.600531
0.613767
0.602979
0.62838
0.627011
0.647168
0.620657
0.613977
0.619153
0.614616
0.606053
0.618443
0.628383
0.63237
0.632305
0.645436
0.638294
0.632713
0.64478
0.64219
0.654332
0.655688
0.660489
0.641353
0.645188
0.643409
0.62663
0.643984
0.647192
0.653239
0.66431
0.658981
0.658551
0.633344
0.642885
0.627318
0.622087
0.62137
0.613362
0.635955
0.64292
0.647101
0.638307
0.62306
0.616155
0.628189
0.617664
0.617215
0.617684
0.626432
0.626443
0.630612
0.631456
0.640491
0.632758
0.639839
0.634098
0.63105
0.616903
0.62751
0.612907
0.606299
0.615675
0.634047
0.643376
0.626239
0.64
0.635381
0.631049
0.624067
0.62688
0.625416
0.628183
0.655521
0.668053
0.669204
0.665289
0.669057
0.67625
0.673854
0.682382
0.68001
0.687613
0.690668
0.670654
0.672996
0.660419
0.650852
0.660393
0.664317
0.669229
0.679035
0.681942
0.696029
0.707732
0.712783
0.703176
0.708303
0.709717
0.716859
0.716065
0.708783
0.690136
0.689477
0.698095
0.717845
0.701532
0.697802
0.70157
0.701583
0.701293
0.681982
0.689436
0.686497
0.708493
0.701519
0.689206
0.672614
0.669596
0.658511
0.660845
0.662356
0.676245
0.660519
0.672323
0.660966
0.67567
0.664686
0.656821
0.669773
0.675175
0.671202
0.674052
0.677157
0.670469
0.651604
0.662311
0.672558
0.675288
0.687907
0.6886
0.693565
0.689532
0.692179
0.692467
0.719633
0.729197
0.728582
0.72604
0.714486
0.721792
0.713763
0.711731
0.719264
0.728409
0.727927
0.716671
0.706806
0.721334
0.719147
0.71695
0.7213
0.717633
0.720569
0.727272
0.714871
0.719911
0.713954
0.699221
0.687412
0.700911
0.70828
0.715044
0.712701
0.720274
0.742652
0.750135
0.752126
0.73863
0.762323
0.751455
0.728935
0.718911
0.716379
0.717886
0.725217
0.717966
0.721423
0.734021
0.739628
0.744888
0.72406
0.751562
0.752329
0.747272
0.723894
0.722405
0.719771
0.722611
0.740727
0.736471
0.73741
0.717308
0.729858
0.72329
0.745344
0.740298
0.739135
0.716418
0.73318
0.724905
0.728108
0.719805
0.726196
0.729286
0.730547
0.740651
0.74154
0.752507
0.746015
0.76823
0.784
0.78152
0.775905
0.790681
0.782454
0.770778
0.755036
0.761223
0.767751
0.784389
0.783787
0.773476
0.77559
0.760112
0.754367
0.763792
0.764382
0.760615
0.757931
0.752357
0.755695
0.766748
0.770977
0.78455
0.785891
0.789691
0.799392
0.804721
0.813072
0.823866
0.818878
0.814561
0.815934
0.820986
0.810819
0.820628
0.81124
0.820213
0.814654
0.819531
0.848104
0.854073
0.863705
0.862945
0.87841
0.889453
0.881466
0.843584
0.856261
0.875924
0.878829
0.871926
0.854932
0.863821
0.892349
0.879301
0.879191
0.891981
0.891128
0.882173
0.860134
0.846421
0.84691
0.844684
0.859234
0.845541
0.843518
0.844534
0.846907
0.833052
0.829063
0.817571
0.830405
0.839429
0.853051
0.861784
0.880936
0.875055
0.876218
0.854921
0.854938
0.860826
0.863587
0.878298
0.868915
0.868552
0.859107
0.879493
0.875524
0.884371
0.863928
0.866851
0.871098
0.882537
0.898527
0.924893
0.909864
0.89132
0.8846
0.910107
0.901503
0.894951
0.893681
0.897075
0.893707
0.876642
0.870381
0.8596
0.87817
0.882326
0.883139
0.878009
0.896417
0.891131
0.890637
0.866664
0.879216
0.904647
0.896861
0.882183
0.860636
0.866181
0.873483
0.872414
0.861131
0.862531
0.872702
0.879653
0.881037
0.876308
0.880804
0.881256
0.863594
0.857691
0.852045
0.859037
0.839543
0.851865
0.856653
0.856399
0.837767
0.83759
0.844665
0.818102
0.821449
0.796818
0.812416
0.817218
0.811204
0.802165
0.810043
0.822994
0.845854
0.831317
0.818401
0.781169
0.81829
0.795184
0.785383
0.769239
0.773541
0.785297
0.790662
0.786054
0.797322
0.798516
0.799995
0.779264
0.772348
0.768338
0.794142
0.798046
0.796064
0.779113
0.794336
0.784915
0.780909
0.808002
0.795485
0.806163
0.78612
0.785732
0.80216
0.806304
0.796235
0.785488
0.790398
0.771891
0.794552
0.811097
0.809912
0.804117
0.783358
0.793107
0.782361
0.78278
0.793339
0.800254
0.795619
0.785224
0.787617
0.791285
0.806171
0.810222
0.821554
0.823864
0.830154
0.824839
0.818902
0.80453
0.809329
0.793188
0.791115
0.81943
0.816247
0.820187
0.818896
0.825444
0.828619
0.817963
0.806088
0.792799
0.797921
0.801884
0.809233
0.820143
0.799026
0.78816
0.770021
0.765503
0.7632
0.793991
0.814572
0.803203
0.782762
0.76467
0.757758
0.757802
0.752034
0.775274
0.791988
0.79746
0.786318
0.768932
0.775774
0.769324
0.769827
0.754939
0.763525
0.775061
0.790181
0.789187
0.780262
0.771123
0.756333
0.768911
0.795958
0.806705
0.792323
0.772873
0.777472
0.773794
0.790135
0.786079
0.787982
0.787217
0.78138
0.77686
0.779617
0.789603
0.774599
0.781556
0.778897
0.780029
0.764082
0.759235
0.762207
0.77475
0.776273
0.761155
0.760004
0.746137
0.748346
0.779222
0.782117
0.781184
0.765958
0.771994
0.760859
0.758031
0.761221
0.766848
0.780678
0.804709
0.803276
0.812839
0.817016
0.8074
0.803841
0.800609
0.777338
0.774278
0.759432
0.745825
0.74357
0.746395
0.743001
0.749454
0.740426
0.735802
0.721896
0.708827
0.726434
0.716146
0.726444
0.700955
0.712419
0.703048
0.704949
0.707916
0.704515
0.719176
0.730744
0.746846
0.739185
0.715648
0.727625
0.748766
0.733719
0.727143
0.732964
0.743613
0.734503
0.744098
0.738127
0.704707
0.696385
0.679366
0.717117
0.715457
0.722756
0.691436
0.696287
0.700986
0.705601
0.68355
0.670084
0.67647
0.675966
0.677773
0.677386
0.68609
0.681411
0.67194
0.65964
0.636935
0.656875
0.653554
0.654618
0.658179
0.684193
0.69563
0.69046
0.665184
0.665455
0.649835
0.66886
0.642139
0.623429
0.601204
0.599791
0.585888
0.593845
0.591102
0.610685
0.599302
0.588357
0.599747
0.581098
0.576396
0.558845
0.574946
0.59683
0.603547
0.596382
0.547127
0.530211
0.539676
0.523803
0.519473
0.526444
0.532143
0.531583
0.534721
0.538488
0.526659
0.520987
0.520424
0.514972
0.529008
0.527694
0.522188
0.51379
0.52595
0.531588
0.481419
0.4728
0.473712
0.499926
0.517121
0.510881
0.487078
0.492172
0.497803
0.495968
0.432721
0.436321
0.440933
0.454727
0.433943
0.436968
0.431255
0.424586
0.419894
0.427249
0.401301
0.415506
0.411684
0.399891
0.382087
0.384081
0.394035
0.396773
0.404927
0.407821
0.373882
0.368705
0.375957
0.362906
0.354082
0.351438
0.35354
0.367327
0.368058
0.367508
0.090249
0.097985
0.131568
0.211734
0.212765
0.217019
0.257105
0.257802
0.253596
0.323352
0.324728
0.304631
0.309133
0.374996
0.370669
0.375562
0.410253
0.410995
0.41411
0.413433
0.343986
0.344413
0.321095
0.270184
0.276583
0.280251
0.281725
0.319927
0.323839
0.256888
0.275055
0.277109
0.279542
0.205735
0.206773
0.212838
0.214519
0.245243
0.249283
0.278117
0.419171
0.417865
0.42879
0.42919
0.437461
0.430519
0.431749
0.432473
0.43393
0.439159
0.432063
0.43341
0.432108
0.431421
0.42893
0.432607
0.435767
0.442808
0.441087
0.439247
0.417038
0.420479
0.428009
0.428446
0.42693
0.429683
0.43011
0.432017
0.421676
0.421819
0.424855
0.426914
0.426495
0.415424
0.420501
0.420498
0.421665
0.419688
0.423488
0.42256
0.40611
0.402414
0.405732
0.408459
0.40969
0.40868
0.406757
0.409194
0.408756
0.408723
0.406817
0.406392
0.406441
0.406821
0.408011
0.409682
0.410039
0.412623
0.41384
0.411194
0.411408
0.409365
0.414396
0.412514
0.410362
0.406266
0.406813
0.407374
0.406353
0.407322
0.406545
0.406691
0.403402
0.404415
0.404221
0.403272
0.400902
0.403355
0.402584
0.402435
0.403578
0.40834
0.409358
0.400246
0.397319
0.39696
0.394868
0.39648
0.398137
0.398465
0.403496
0.403792
0.410421
0.402617
0.402992
0.396025
0.394164
0.393344
0.394689
0.393875
0.394858
0.396464
0.397138
0.398058
0.397208
0.398087
0.398058
0.397835
0.396058
0.397242
0.394423
0.395258
0.396439
0.397293
0.397965
0.398884
0.396827
0.398765
0.400461
0.40473
0.406142
0.404381
0.402181
0.403196
0.402418
0.404698
0.410255
0.41121
0.409723
0.399813
0.399042
0.402633
0.402488
0.402839
0.400752
0.398182
0.398022
0.397314
0.39702
0.39563
0.393269
0.393983
0.39603
0.396875
0.398477
0.39469
0.3973
0.399197
0.399841
0.396628
0.394061
0.400519
0.401079
0.402374
0.401075
0.401704
0.404229
0.405844
0.408396
0.410314
0.410343
0.414898
0.417256
0.417388
0.412149
0.409468
0.416857
0.41651
0.416786
0.411137
0.40916
0.408486
0.410782
0.40979
0.409489
0.406423
0.406462
0.406234
0.406607
0.403772
0.397842
0.399247
0.399997
0.39878
0.399903
0.398632
0.401658
0.402575
0.403144
0.400046
0.393852
0.394451
0.391346
0.390429
0.392252
0.392338
0.390929
0.391418
0.39497
0.396132
0.391135
0.389734
0.389332
0.388528
0.389116
0.389394
0.389063
0.388916
0.388803
0.389479
0.391415
0.393485
0.393993
0.392545
0.391648
0.392698
0.392593
0.392871
0.392676
0.392048
0.391335
0.394456
0.396823
0.398794
0.396781
0.395699
0.396545
0.396655
0.394534
0.394534
0.391985
0.392023
0.392101
0.393238
0.401731
0.401361
0.401534
0.397622
0.397033
0.397132
0.393466
0.394329
0.397883
0.397326
0.397482
0.394874
0.39294
0.394237
0.394561
0.395615
0.393946
0.395284
0.395129
0.395546
0.393532
0.392738
0.393086
0.392834
0.393904
0.395258
0.395482
0.396386
0.399408
0.396166
0.397463
0.396181
0.396059
0.394217
0.396764
0.399712
0.402917
0.400843
0.403347
0.401601
0.402828
0.401021
0.406884
0.405322
0.409782
0.408269
0.423152
0.422191
0.420668
0.411554
0.41177
0.408167
0.408362
0.40844
0.408538
0.408902
0.399399
0.402004
0.407651
0.406539
0.406341
0.407639
0.409325
0.407561
0.422739
0.433075
0.43658
0.41928
0.408779
0.409459
0.41662
0.42208
0.428602
0.425434
0.424312
0.424196
0.400909
0.397641
0.398246
0.401268
0.394081
0.386351
0.401521
0.402962
0.404408
0.386684
0.386903
0.384135
0.399598
0.399827
0.411757
0.408596
0.408539
0.401707
0.389789
0.397123
0.404555
0.411564
0.425558
0.434729
0.432919
0.416371
0.41138
0.409379
0.401004
0.401193
0.395531
0.398236
0.398256
0.407296
0.404297
0.411453
0.418296
0.415046
0.410692
0.404039
0.404539
0.428452
0.431378
0.433085
0.431
0.452406
0.4658
0.441495
0.433456
0.420749
0.427543
0.438676
0.447967
0.442537
0.435707
0.442565
0.437805
0.437266
0.428532
0.417114
0.421589
0.420798
0.423474
0.42457
0.438741
0.445225
0.457775
0.438287
0.43382
0.456505
0.514358
0.506023
0.498821
0.494929
0.525315
0.529459
0.516325
0.504751
0.492619
0.462598
0.460588
0.464451
0.51107
0.51574
0.539544
0.520598
0.519072
0.506814
0.511324
0.537703
0.556608
0.571943
0.551434
0.545224
0.535573
0.529729
0.528359
0.516718
0.539255
0.521799
0.542424
0.53893
0.554075
0.558681
0.565043
0.561409
0.573881
0.584912
0.599622
0.592371
0.582227
0.58137
0.582094
0.583022
0.604017
0.587123
0.602096
0.582266
0.608293
0.610559
0.60787
0.589601
0.594046
0.590622
0.629377
0.634712
0.646065
0.636744
0.631796
0.619744
0.617603
0.647785
0.638577
0.652695
0.627509
0.653196
0.669328
0.6748
0.649466
0.637152
0.599966
0.604877
0.643882
0.675692
0.672022
0.645726
0.632539
0.639865
0.624139
0.637682
0.601332
0.61233
0.60411
0.604514
0.577105
0.581354
0.590883
0.604214
0.588062
0.595008
0.57491
0.581595
0.579206
0.564399
0.592884
0.575651
0.594367
0.581153
0.596527
0.596718
0.571353
0.574542
0.572557
0.552942
0.582379
0.595391
0.594381
0.571609
0.558396
0.562847
0.533796
0.521754
0.512065
0.49985
0.506317
0.49669
0.490076
0.493421
0.487192
0.492017
0.478523
0.498576
0.51365
0.516933
0.511241
0.517021
0.530405
0.534086
0.532425
0.522043
0.528294
0.532911
0.531816
0.554398
0.572053
0.572409
0.56526
0.53409
0.560136
0.560186
0.557694
0.567122
0.577939
0.599792
0.605417
0.619372
0.600598
0.572271
0.577452
0.606706
0.594828
0.578291
0.542002
0.545784
0.563681
0.594048
0.582495
0.580579
0.583909
0.588307
0.580468
0.573874
0.582073
0.596068
0.587588
0.570427
0.569
0.575072
0.565034
0.548085
0.512782
0.51033
0.50828
0.506751
0.510788
0.520631
0.526826
0.518905
0.522247
0.531409
0.478091
0.479943
0.485362
0.495451
0.486618
0.47952
0.485762
0.483625
0.477823
0.471558
0.467294
0.473197
0.472741
0.477254
0.484994
0.496267
0.493225
0.484001
0.465452
0.465158
0.447692
0.464675
0.457336
0.469131
0.459412
0.467262
0.45612
0.446594
0.449439
0.446164
0.437944
0.437114
0.433093
0.432632
0.429875
0.428394
0.4231
0.408959
0.408194
0.427163
0.446388
0.465588
0.452577
0.449422
0.428221
0.425078
0.424538
0.449834
0.46735
0.465629
0.435763
0.429799
0.441385
0.450571
0.443677
0.443786
0.461533
0.477794
0.4726
0.458439
0.447065
0.436703
0.446719
0.444776
0.447868
0.457415
0.463588
0.46257
0.463374
0.461442
0.448909
0.451581
0.439483
0.452336
0.453076
0.454911
0.44396
0.458072
0.476969
0.479539
0.477972
0.457605
0.450693
0.423436
0.41795
0.421204
0.420673
0.410381
0.39462
0.394883
0.419138
0.430374
0.442389
0.436379
0.430984
0.421251
0.452155
0.465567
0.471849
0.449178
0.444768
0.438471
0.442314
0.451615
0.47326
0.471507
0.477477
0.463306
0.457574
0.457296
0.459543
0.456035
0.462193
0.465586
0.464972
0.469143
0.47156
0.46245
0.467069
0.46463
0.475467
0.458133
0.448409
0.43492
0.434128
0.440715
0.443492
0.45979
0.458589
0.453296
0.459528
0.469893
0.465296
0.462474
0.459839
0.462378
0.458491
0.446694
0.450437
0.441697
0.461615
0.463334
0.460564
0.43827
0.446017
0.456815
0.45659
0.459778
0.448178
0.451861
0.482656
0.485921
0.483506
0.466059
0.468502
0.463039
0.458133
0.455695
0.452947
0.464467
0.47103
0.484185
0.473709
0.483272
0.488835
0.487743
0.490756
0.477125
0.484098
0.493755
0.476022
0.49048
0.502401
0.499569
0.500028
0.504426
0.508544
0.501019
0.497489
0.520038
0.510378
0.509496
0.501426
0.496898
0.496891
0.48368
0.485844
0.476253
0.488881
0.48636
0.506211
0.506054
0.506868
0.484732
0.485824
0.490354
0.506415
0.513161
0.518928
0.527307
0.526581
0.521657
0.517096
0.525895
0.540267
0.544845
0.539837
0.533576
0.530364
0.523733
0.507738
0.499959
0.509163
0.513827
0.515993
0.513492
0.506748
0.511282
0.511774
0.523597
0.506789
0.50679
0.509423
0.493409
0.496662
0.512693
0.50542
0.505252
0.494509
0.5108
0.48545
0.486412
0.484865
0.480189
0.479238
0.463669
0.463205
0.453591
0.464144
0.467183
0.45785
0.468831
0.474519
0.469396
0.472146
0.469756
0.473712
0.461605
0.463926
0.465711
0.474568
0.48362
0.48863
0.503787
0.51011
0.519311
0.514421
0.502645
0.491223
0.493636
0.4948
0.487716
0.480851
0.495979
0.501379
0.503097
0.488019
0.492698
0.480584
0.495645
0.475169
0.469551
0.468154
0.492364
0.505332
0.496224
0.492517
0.494573
0.515536
0.520619
0.514035
0.508655
0.509775
0.506214
0.510642
0.510307
0.513503
0.513315
0.52599
0.537249
0.513354
0.527873
0.526078
0.523385
0.52634
0.531002
0.531097
0.526457
0.514363
0.503121
0.491518
0.476819
0.476769
0.483775
0.479197
0.481275
0.493349
0.503749
0.500419
0.489287
0.498246
0.492254
0.493356
0.496612
0.497219
0.493133
0.484106
0.501288
0.500196
0.501774
0.485135
0.492019
0.479026
0.483523
0.473395
0.468257
0.471975
0.47888
0.496593
0.509844
0.526505
0.515355
0.509042
0.510171
0.517434
0.510484
0.519887
0.523435
0.540367
0.535524
0.556734
0.560157
0.572378
0.568328
0.570642
0.561254
0.575864
0.567006
0.592824
0.577468
0.568382
0.552629
0.552006
0.568151
0.561983
0.552069
0.542925
0.559079
0.564195
0.560906
0.575031
0.555982
0.54491
0.548068
0.5568
0.565213
0.583445
0.584384
0.591715
0.5905
0.595751
0.619389
0.631954
0.632505
0.629224
0.615378
0.623099
0.614156
0.610419
0.614078
0.617504
0.603087
0.604206
0.617431
0.631969
0.641503
0.644599
0.659763
0.666375
0.673258
0.668459
0.674575
0.6654
0.680242
0.681652
0.68594
0.674109
0.675895
0.694782
0.709268
0.715751
0.717519
0.713962
0.703774
0.699865
0.700479
0.690258
0.683551
0.684626
0.693171
0.717399
0.716803
0.715458
0.709791
0.714863
0.708143
0.728517
0.734579
0.724411
0.715373
0.719992
0.735695
0.740776
0.74094
0.742327
0.739374
0.745048
0.74656
0.741887
0.728602
0.732465
0.735855
0.736633
0.76372
0.749681
0.765941
0.749685
0.746024
0.753409
0.756899
0.793875
0.78686
0.785106
0.772512
0.793032
0.800472
0.797124
0.797901
0.797574
0.801069
0.806249
0.821192
0.827808
0.820958
0.836997
0.827596
0.851085
0.850068
0.82463
0.812187
0.797249
0.805407
0.808181
0.818277
0.817136
0.810461
0.810862
0.819102
0.816459
0.820322
0.813009
0.812044
0.816328
0.827528
0.817817
0.832951
0.836987
0.853881
0.875615
0.881108
0.874796
0.854474
0.859022
0.859276
0.840786
0.849184
0.843526
0.840301
0.828057
0.82813
0.850972
0.841625
0.854793
0.836801
0.86677
0.844248
0.835812
0.822766
0.817192
0.81613
0.83978
0.861374
0.860828
0.876578
0.854761
0.851008
0.852502
0.842694
0.840323
0.826075
0.803537
0.814039
0.820826
0.817139
0.797842
0.794535
0.805687
0.825215
0.811093
0.804263
0.821227
0.86425
0.870383
0.869607
0.850949
0.849398
0.851732
0.850176
0.836891
0.844679
0.844914
0.844144
0.851119
0.861164
0.871232
0.880957
0.864628
0.883464
0.902128
0.889865
0.866789
0.852886
0.866644
0.879337
0.891162
0.876683
0.861041
0.867683
0.868441
0.858679
0.873138
0.87446
0.880133
0.853575
0.855356
0.863362
0.852742
0.871485
0.833786
0.844823
0.847673
0.848599
0.852638
0.851556
0.844612
0.870238
0.859063
0.86867
0.848721
0.866737
0.868716
0.897968
0.889453
0.877546
0.856333
0.854504
0.863236
0.857216
0.85203
0.852873
0.851154
0.873211
0.869531
0.874684
0.85053
0.876573
0.901481
0.882214
0.874253
0.855867
0.852278
0.843442
0.86457
0.870558
0.872531
0.857568
0.85891
0.846811
0.84505
0.867205
0.876933
0.858056
0.839398
0.849377
0.860071
0.857443
0.851082
0.838885
0.842956
0.834317
0.844361
0.837359
0.835086
0.827994
0.823897
0.83477
0.836567
0.834248
0.845078
0.830373
0.818142
0.81313
0.821403
0.817332
0.817745
0.799843
0.792868
0.787622
0.809842
0.818644
0.814857
0.805301
0.790993
0.788522
0.777683
0.788967
0.791781
0.79119
0.803228
0.808101
0.812142
0.797059
0.811196
0.808293
0.828977
0.837996
0.850177
0.852952
0.833995
0.842197
0.834934
0.844077
0.822393
0.81711
0.80813
0.813493
0.816665
0.822349
0.845095
0.836342
0.829602
0.822405
0.831484
0.829176
0.833275
0.825315
0.847265
0.841696
0.838829
0.812592
0.824468
0.836987
0.837811
0.861614
0.852721
0.840859
0.807822
0.811473
0.817425
0.81144
0.812837
0.81592
0.839632
0.851996
0.849814
0.831268
0.82286
0.824373
0.841014
0.833415
0.855606
0.850948
0.854742
0.847549
0.843093
0.860134
0.882303
0.862742
0.854785
0.837223
0.829881
0.831804
0.826855
0.80901
0.811566
0.831626
0.837147
0.833661
0.822053
0.818973
0.81222
0.809395
0.794623
0.773957
0.775137
0.777817
0.771484
0.777047
0.818591
0.829519
0.790889
0.78117
0.765903
0.771072
0.774394
0.771879
0.764671
0.747261
0.769163
0.782496
0.780733
0.770791
0.766498
0.750153
0.742651
0.758613
0.75727
0.759975
0.754809
0.76042
0.738501
0.720717
0.729404
0.727727
0.732646
0.739243
0.735259
0.744423
0.739959
0.735873
0.725321
0.730696
0.730337
0.720917
0.689911
0.68764
0.684748
0.707781
0.708264
0.68891
0.653875
0.643222
0.640342
0.646745
0.659633
0.654322
0.658019
0.657869
0.651685
0.661976
0.635599
0.623699
0.639263
0.642893
0.662157
0.652731
0.649933
0.629518
0.602371
0.597127
0.550455
0.558927
0.551884
0.540414
0.542883
0.530662
0.537276
0.541595
0.538555
0.527537
0.490427
0.485573
0.490015
0.473153
0.473534
0.470025
0.488098
0.485425
0.501284
0.500995
0.455097
0.456113
0.463421
0.47886
0.467274
0.462835
0.456681
0.453771
0.453207
0.429543
0.388979
0.396
0.404326
0.411917
0.399224
0.376421
0.362442
0.365972
0.371597
0.385231
0.365538
0.350749
0.349209
0.357779
0.353175
0.351287
0.342199
0.339133
0.356763
0.356533
0.322983
0.316818
0.331008
0.348194
0.347353
0.337602
0.323589
0.319578
0.333606
0.33345
0.13486
0.137894
0.1467
0.17516
0.177531
0.176323
0.363337
0.396923
0.503866
0.350882
0.220335
0.226631
0.229679
0.232603
0.313105
0.316503
0.347173
0.272472
0.273384
0.277234
0.198884
0.212647
0.210264
0.178573
0.174472
0.17897
0.188241
0.196946
0.226967
0.194462
0.188945
0.187966
0.220848
0.219945
0.220646
0.223397
0.193448
0.201504
0.205792
0.207615
0.350142
0.3584
0.364184
0.366677
0.359543
0.357797
0.36071
0.362784
0.363586
0.362753
0.359717
0.36093
0.358211
0.361441
0.353893
0.352902
0.357522
0.360398
0.365063
0.360743
0.339905
0.341029
0.343349
0.342096
0.340599
0.344662
0.343494
0.348188
0.367343
0.367729
0.350576
0.343692
0.35318
0.351124
0.352524
0.343545
0.346152
0.347119
0.350679
0.352719
0.341402
0.350169
0.347308
0.346797
0.341953
0.343442
0.342178
0.340814
0.342378
0.347302
0.346189
0.348914
0.346777
0.346163
0.350651
0.348774
0.354499
0.354016
0.350155
0.353854
0.348709
0.350652
0.351661
0.349629
0.356357
0.354977
0.355977
0.348321
0.346135
0.345778
0.340671
0.338373
0.33713
0.336101
0.334365
0.330874
0.332291
0.331767
0.330248
0.327458
0.323647
0.322649
0.324658
0.324166
0.324935
0.328396
0.326468
0.326676
0.325812
0.328126
0.324721
0.325289
0.325209
0.332034
0.332847
0.331799
0.327495
0.327167
0.326878
0.326878
0.325923
0.327158
0.324511
0.326648
0.329877
0.330552
0.3309
0.330219
0.333728
0.333396
0.330658
0.332792
0.332176
0.327197
0.326478
0.330927
0.333835
0.333827
0.334338
0.332598
0.332779
0.331867
0.330723
0.329691
0.32888
0.328576
0.328924
0.330012
0.327821
0.326944
0.324615
0.325623
0.326101
0.325853
0.325763
0.321735
0.322009
0.320423
0.318773
0.329725
0.326818
0.327911
0.32078
0.321913
0.318907
0.316553
0.316528
0.319936
0.330447
0.338742
0.338024
0.328138
0.319758
0.320146
0.323075
0.324412
0.326258
0.330098
0.331253
0.333798
0.331922
0.331032
0.332895
0.332927
0.330401
0.336188
0.339321
0.33692
0.334179
0.33341
0.330306
0.329933
0.330692
0.329535
0.327171
0.327581
0.328321
0.328329
0.329133
0.325802
0.328582
0.33243
0.329619
0.33008
0.329202
0.330148
0.325455
0.324114
0.326937
0.324749
0.320857
0.321457
0.321496
0.319904
0.319891
0.321505
0.32178
0.330089
0.333829
0.332407
0.318848
0.322247
0.323497
0.324075
0.326603
0.323122
0.32492
0.322758
0.322542
0.322706
0.324513
0.323853
0.326411
0.326066
0.323955
0.322614
0.320885
0.319952
0.319283
0.322571
0.325778
0.325452
0.323686
0.323154
0.319696
0.318829
0.318936
0.320002
0.320213
0.322578
0.318225
0.317839
0.319312
0.32953
0.329662
0.331889
0.328135
0.322944
0.326399
0.325429
0.32645
0.328259
0.330418
0.331041
0.328975
0.32624
0.327418
0.327971
0.328801
0.324582
0.324157
0.32702
0.329048
0.3246
0.325443
0.328731
0.328514
0.331217
0.333789
0.336003
0.3419
0.324052
0.322048
0.329113
0.331608
0.331255
0.327489
0.329187
0.337466
0.346261
0.343131
0.34509
0.342065
0.342606
0.340499
0.340869
0.343278
0.345086
0.351138
0.352539
0.341627
0.34156
0.341055
0.33736
0.337329
0.341755
0.339879
0.341092
0.339627
0.335054
0.333852
0.331964
0.330542
0.332029
0.338362
0.336045
0.340567
0.337476
0.33315
0.335121
0.331069
0.330825
0.331366
0.327989
0.329375
0.329
0.321928
0.33012
0.329917
0.331197
0.327121
0.329861
0.329721
0.322099
0.322476
0.324845
0.328036
0.319642
0.314794
0.314723
0.322296
0.319386
0.325031
0.312738
0.30627
0.319414
0.319121
0.319563
0.31184
0.313239
0.331202
0.331209
0.345435
0.33739
0.349564
0.346535
0.347389
0.338133
0.320348
0.331822
0.341431
0.327825
0.333427
0.331852
0.339704
0.347747
0.345339
0.355912
0.355664
0.361054
0.345084
0.338364
0.348483
0.340875
0.354314
0.336964
0.356044
0.35945
0.35637
0.333913
0.345147
0.363633
0.376983
0.368645
0.36765
0.381564
0.391305
0.392672
0.382783
0.381131
0.418717
0.417553
0.444071
0.414581
0.405016
0.367025
0.378456
0.389334
0.388215
0.36961
0.375894
0.371315
0.399691
0.415782
0.411309
0.418547
0.43041
0.457452
0.461205
0.456361
0.427456
0.428497
0.426982
0.428509
0.452689
0.468434
0.494303
0.473107
0.472597
0.48262
0.472439
0.454202
0.474862
0.458384
0.461121
0.437226
0.437327
0.465836
0.500751
0.509296
0.510014
0.506675
0.487738
0.497575
0.498366
0.506656
0.497265
0.492049
0.500511
0.507345
0.519079
0.509745
0.516595
0.499153
0.510242
0.509115
0.540023
0.559642
0.552764
0.52796
0.50159
0.518956
0.532661
0.540036
0.552606
0.587271
0.611962
0.603515
0.582933
0.57577
0.582136
0.614517
0.622559
0.630716
0.619804
0.609956
0.591253
0.581165
0.607775
0.607059
0.580297
0.557536
0.567212
0.571391
0.577699
0.574614
0.566887
0.605264
0.618774
0.648497
0.570304
0.58728
0.558849
0.568888
0.534349
0.545809
0.561744
0.577335
0.557329
0.594215
0.588378
0.603574
0.57045
0.566202
0.579167
0.584756
0.572227
0.580102
0.593243
0.600138
0.560107
0.541596
0.528142
0.538177
0.541016
0.546528
0.543591
0.541776
0.54764
0.557044
0.50955
0.506749
0.517236
0.512268
0.529631
0.520749
0.518666
0.50146
0.48592
0.476905
0.498289
0.500268
0.511086
0.496391
0.539934
0.557699
0.565646
0.555754
0.543351
0.537424
0.522678
0.517109
0.528858
0.533312
0.552132
0.551755
0.551189
0.532957
0.529876
0.552745
0.546778
0.565984
0.555975
0.561757
0.544748
0.529927
0.551007
0.537635
0.56072
0.542688
0.526744
0.536526
0.52883
0.547499
0.533639
0.542296
0.539989
0.544527
0.535191
0.52751
0.514173
0.543742
0.559773
0.565223
0.567249
0.558249
0.560191
0.549733
0.530146
0.540899
0.53791
0.547666
0.546244
0.530079
0.551854
0.555834
0.555464
0.544032
0.53635
0.546764
0.50025
0.511548
0.497241
0.503776
0.483077
0.476363
0.484394
0.501187
0.506327
0.508504
0.501898
0.512819
0.502362
0.500273
0.498747
0.494534
0.489905
0.488257
0.499215
0.510373
0.500794
0.501045
0.475297
0.481975
0.484386
0.480244
0.468065
0.449973
0.447617
0.470976
0.474414
0.475091
0.456366
0.451205
0.447182
0.434243
0.443285
0.444205
0.451349
0.441397
0.450564
0.44409
0.435617
0.440777
0.431309
0.431103
0.414685
0.408497
0.426216
0.433616
0.42842
0.423606
0.422439
0.415056
0.42567
0.433155
0.439646
0.439557
0.44253
0.45392
0.462639
0.477838
0.47263
0.476815
0.482213
0.477596
0.4795
0.480077
0.481635
0.487437
0.481144
0.485122
0.494127
0.482594
0.47484
0.486446
0.504223
0.515353
0.526347
0.498424
0.510883
0.500795
0.505425
0.489978
0.487333
0.47425
0.475049
0.475485
0.503392
0.503475
0.51138
0.50067
0.493376
0.478316
0.476472
0.477887
0.468032
0.456128
0.454075
0.43987
0.444939
0.435267
0.454324
0.456224
0.452939
0.451898
0.452124
0.44224
0.446174
0.460497
0.44967
0.446747
0.440181
0.447269
0.456323
0.4535
0.454225
0.455116
0.449885
0.447374
0.449404
0.468018
0.474725
0.459775
0.467965
0.456085
0.459931
0.450039
0.441359
0.440757
0.45649
0.478899
0.4618
0.470521
0.460144
0.46662
0.455194
0.437944
0.433269
0.441798
0.458843
0.452838
0.459241
0.45538
0.448885
0.433367
0.42794
0.424775
0.446064
0.449573
0.462263
0.418478
0.420594
0.422816
0.438934
0.443599
0.451644
0.444094
0.45647
0.456943
0.452884
0.418949
0.431507
0.448128
0.455921
0.452541
0.451746
0.477246
0.486311
0.474409
0.43688
0.448663
0.452183
0.467329
0.461553
0.466871
0.460775
0.442497
0.438345
0.449192
0.458899
0.458425
0.461218
0.458774
0.468136
0.478803
0.484572
0.492822
0.507705
0.511285
0.513086
0.510604
0.504288
0.507825
0.503286
0.508687
0.516998
0.520391
0.543417
0.525186
0.500212
0.47714
0.484055
0.495028
0.491346
0.500634
0.489508
0.5013
0.50102
0.516479
0.510124
0.51993
0.518803
0.523995
0.508179
0.50853
0.523374
0.501878
0.504506
0.505046
0.518198
0.511733
0.510679
0.511561
0.515042
0.521144
0.51972
0.512752
0.507403
0.516828
0.512369
0.504233
0.50464
0.511743
0.523943
0.513339
0.507062
0.498853
0.492167
0.495162
0.479866
0.490331
0.480785
0.48084
0.477499
0.483938
0.47188
0.463116
0.463739
0.458367
0.463713
0.4628
0.458765
0.465014
0.496264
0.500379
0.510141
0.496437
0.501038
0.503056
0.498783
0.480883
0.476652
0.475727
0.493667
0.502968
0.496032
0.495747
0.495953
0.487671
0.49705
0.501627
0.502435
0.504081
0.511176
0.513074
0.512365
0.519152
0.526873
0.538292
0.528339
0.533754
0.530977
0.535258
0.534533
0.540647
0.529924
0.527259
0.520968
0.526476
0.51068
0.497561
0.501074
0.485257
0.477766
0.471484
0.486303
0.480592
0.488077
0.469337
0.441893
0.449414
0.457979
0.467318
0.479641
0.482817
0.477362
0.461145
0.468906
0.465956
0.464316
0.462263
0.469447
0.462353
0.466396
0.466204
0.474325
0.470934
0.476281
0.465235
0.47359
0.483441
0.485755
0.495115
0.495855
0.49323
0.489538
0.504485
0.504132
0.506486
0.4929
0.488376
0.490904
0.504792
0.516972
0.513223
0.516176
0.512561
0.512015
0.511381
0.5217
0.514691
0.51006
0.541884
0.551166
0.542421
0.52576
0.5145
0.517207
0.508156
0.520672
0.524276
0.535459
0.50454
0.507477
0.503233
0.504398
0.530668
0.535592
0.549142
0.562686
0.56575
0.579023
0.571897
0.571108
0.564832
0.570988
0.593157
0.591346
0.596145
0.612597
0.61478
0.622912
0.642902
0.648106
0.656408
0.660715
0.653027
0.645163
0.638337
0.651962
0.651948
0.660537
0.649674
0.670666
0.679873
0.680569
0.673397
0.66342
0.665017
0.67521
0.691888
0.683506
0.674094
0.645702
0.645022
0.640685
0.646958
0.647946
0.649273
0.660418
0.652406
0.646763
0.663049
0.652141
0.644848
0.647348
0.655862
0.664042
0.685574
0.704782
0.703628
0.700718
0.685296
0.680124
0.674868
0.67357
0.691277
0.697666
0.684274
0.697044
0.702756
0.723625
0.733359
0.732936
0.718984
0.721709
0.73612
0.731694
0.729614
0.709436
0.73102
0.753295
0.763094
0.760914
0.760374
0.769236
0.752738
0.756382
0.759221
0.778893
0.759171
0.778259
0.766732
0.755368
0.773412
0.766522
0.77849
0.792033
0.811161
0.808884
0.814626
0.815215
0.807953
0.816658
0.808516
0.80657
0.805696
0.81108
0.812729
0.8286
0.811686
0.818984
0.821678
0.8291
0.834954
0.845214
0.842821
0.853173
0.845186
0.867839
0.868893
0.844665
0.841616
0.843269
0.855368
0.858299
0.858069
0.836422
0.848819
0.868214
0.871298
0.867497
0.848286
0.84917
0.878475
0.879493
0.870231
0.84405
0.838255
0.86406
0.855249
0.867861
0.884894
0.913581
0.915165
0.911362
0.891994
0.895873
0.891331
0.87696
0.863773
0.880164
0.888895
0.920036
0.912361
0.906433
0.880189
0.882357
0.871731
0.86077
0.866638
0.885973
0.878498
0.889041
0.873305
0.88168
0.895261
0.892758
0.889203
0.854688
0.865498
0.873693
0.89433
0.898815
0.894649
0.893158
0.90627
0.924345
0.934229
0.930958
0.918566
0.914864
0.902954
0.90015
0.906488
0.888843
0.882974
0.885219
0.892892
0.874793
0.888914
0.886949
0.89072
0.881921
0.891848
0.888501
0.903519
0.895805
0.883801
0.857067
0.853903
0.864536
0.83992
0.867465
0.866567
0.859718
0.852202
0.868124
0.880414
0.872344
0.859208
0.823778
0.837646
0.846635
0.855453
0.856322
0.847301
0.837312
0.83848
0.824013
0.832684
0.81017
0.809045
0.803887
0.816505
0.822279
0.801528
0.805353
0.812765
0.789
0.777269
0.768468
0.772394
0.805581
0.809675
0.821029
0.818802
0.818861
0.817519
0.786159
0.772369
0.777084
0.785327
0.767537
0.761132
0.76778
0.79179
0.816083
0.822809
0.809906
0.813698
0.79293
0.7999
0.801923
0.828854
0.836738
0.828095
0.800374
0.792557
0.818477
0.828293
0.831404
0.840747
0.841196
0.838826
0.838202
0.844537
0.849662
0.860132
0.876775
0.882613
0.878952
0.862473
0.86375
0.85853
0.877206
0.868235
0.878528
0.841126
0.83181
0.857458
0.864404
0.862354
0.846846
0.832941
0.828562
0.850956
0.840814
0.83534
0.831065
0.829488
0.832204
0.835986
0.822126
0.822358
0.819501
0.823453
0.822163
0.830676
0.837207
0.842535
0.82935
0.821747
0.801235
0.80857
0.815291
0.830992
0.827648
0.816926
0.812563
0.814563
0.829549
0.835508
0.827385
0.82599
0.829555
0.84517
0.828529
0.82814
0.832562
0.839356
0.827008
0.810144
0.802975
0.815409
0.83432
0.839571
0.830511
0.815026
0.816746
0.81118
0.800853
0.790262
0.781613
0.799398
0.810895
0.822733
0.838616
0.862607
0.856363
0.851157
0.822095
0.836169
0.840713
0.837755
0.827473
0.830708
0.826645
0.839473
0.82389
0.838241
0.834842
0.855737
0.858558
0.833373
0.806545
0.784565
0.799015
0.798977
0.779521
0.762689
0.782722
0.784684
0.77944
0.775702
0.771474
0.780651
0.775999
0.775204
0.745441
0.744143
0.747411
0.735951
0.722394
0.722415
0.732359
0.758988
0.75284
0.772499
0.732739
0.75564
0.763025
0.774772
0.772959
0.777571
0.773398
0.757138
0.758243
0.750092
0.743248
0.715035
0.718651
0.720887
0.723233
0.733897
0.744605
0.742687
0.727932
0.710763
0.671993
0.66259
0.663441
0.660697
0.64641
0.654254
0.675604
0.684986
0.685175
0.673903
0.648868
0.643244
0.61801
0.618197
0.624076
0.637318
0.642229
0.6446
0.644505
0.646515
0.613296
0.627762
0.615806
0.617413
0.611166
0.596127
0.59221
0.588062
0.588852
0.586829
0.507879
0.512832
0.521815
0.532816
0.526159
0.518662
0.507051
0.498247
0.502714
0.514706
0.460793
0.455396
0.457918
0.459408
0.45763
0.461916
0.464444
0.462341
0.463946
0.456039
0.425356
0.419963
0.414874
0.421339
0.431246
0.453296
0.446365
0.443737
0.425248
0.418659
0.390949
0.400484
0.395877
0.395904
0.402115
0.412385
0.396847
0.392789
0.39175
0.403494
0.361306
0.359491
0.356766
0.367295
0.368613
0.367677
0.384699
0.384605
0.383019
0.373759
0.342732
0.333777
0.330264
0.349894
0.349575
0.348017
0.319866
0.311175
0.307349
0.304044
0.08507
0.123096
0.162562
0.201534
0.232918
0.236357
0.239474
0.245155
0.27942
0.282212
0.239193
0.241629
0.269814
0.300238
0.307832
0.404718
0.544399
0.542355
0.481997
0.398362
0.30537
0.338424
0.341601
0.338614
0.310163
0.34812
0.353596
0.354994
0.357186
0.357854
0.521939
0.521079
0.486802
0.337683
0.379741
0.381465
0.321189
0.321756
0.28581
0.418294
0.419046
0.41797
0.427178
0.428241
0.431537
0.425013
0.425302
0.425876
0.427315
0.425097
0.420596
0.423172
0.424259
0.421554
0.41782
0.422686
0.429344
0.433781
0.436272
0.439756
0.411914
0.413287
0.412035
0.412657
0.409195
0.4134
0.414876
0.41911
0.418657
0.418225
0.416833
0.4205
0.418725
0.418631
0.419319
0.414829
0.417266
0.418689
0.419141
0.42239
0.415359
0.425794
0.42812
0.428586
0.420469
0.414597
0.415458
0.413498
0.414723
0.423403
0.408942
0.409753
0.411061
0.410156
0.408176
0.409301
0.408695
0.407983
0.417248
0.424192
0.422595
0.412805
0.402333
0.401461
0.401017
0.400856
0.400087
0.401656
0.401358
0.40432
0.401923
0.402092
0.39855
0.398318
0.403826
0.405294
0.404872
0.396826
0.397462
0.396357
0.388528
0.39
0.390272
0.392662
0.396139
0.39758
0.39575
0.400121
0.400433
0.400108
0.399316
0.39925
0.399867
0.400636
0.402266
0.402289
0.402872
0.402645
0.400166
0.403736
0.40288
0.402863
0.40131
0.406513
0.407165
0.406447
0.404703
0.401592
0.403144
0.39991
0.398883
0.400238
0.400601
0.399952
0.395688
0.390625
0.390095
0.390899
0.396483
0.398058
0.397288
0.398885
0.400792
0.402928
0.400322
0.399951
0.401217
0.399807
0.396332
0.394787
0.391033
0.390619
0.391372
0.390989
0.391523
0.390973
0.391589
0.391765
0.388722
0.386746
0.386948
0.38566
0.389602
0.390006
0.39216
0.400353
0.402099
0.3993
0.392608
0.392331
0.392723
0.391756
0.389884
0.392235
0.39284
0.392437
0.392047
0.39256
0.395624
0.395148
0.392571
0.3915
0.392673
0.397579
0.397183
0.397877
0.400758
0.398758
0.397029
0.395701
0.390001
0.392175
0.392669
0.392316
0.394726
0.394281
0.396033
0.395908
0.396306
0.394698
0.393149
0.396187
0.398666
0.396003
0.39491
0.391783
0.39288
0.394549
0.393967
0.393041
0.391723
0.393322
0.392944
0.392786
0.390912
0.390726
0.389782
0.393145
0.392616
0.395769
0.383055
0.384575
0.3844
0.383377
0.383408
0.382604
0.380583
0.376462
0.37735
0.377053
0.377681
0.378122
0.377715
0.377684
0.377857
0.377071
0.378402
0.380993
0.383886
0.384958
0.386005
0.384792
0.384128
0.384804
0.389208
0.388962
0.390681
0.391818
0.39232
0.389362
0.38883
0.387715
0.396581
0.3967
0.397552
0.38819
0.391515
0.392396
0.391691
0.390772
0.387413
0.383448
0.387978
0.390349
0.39184
0.39096
0.388923
0.387662
0.386872
0.390423
0.388762
0.391671
0.389353
0.391909
0.398658
0.403672
0.395185
0.393008
0.390172
0.392345
0.393764
0.39596
0.392948
0.400419
0.400594
0.402054
0.396525
0.395789
0.396023
0.396626
0.387232
0.3816
0.394032
0.394889
0.395479
0.383302
0.385903
0.385456
0.385283
0.381767
0.386844
0.385904
0.385312
0.379265
0.379353
0.379013
0.379896
0.379871
0.38736
0.387406
0.389001
0.38805
0.391903
0.398656
0.403857
0.404602
0.39334
0.390301
0.39162
0.39516
0.403302
0.4072
0.405869
0.387333
0.400882
0.404153
0.40115
0.395144
0.396845
0.395144
0.39549
0.395695
0.393686
0.405533
0.408489
0.409961
0.39914
0.40617
0.406696
0.408069
0.406842
0.41184
0.411832
0.409988
0.407544
0.412041
0.421712
0.424665
0.414543
0.41066
0.404351
0.406017
0.428189
0.429619
0.438885
0.427937
0.432074
0.438121
0.425241
0.421235
0.425845
0.430303
0.431636
0.431498
0.433707
0.432984
0.429909
0.436668
0.439895
0.446439
0.4535
0.45309
0.461257
0.466063
0.457203
0.466467
0.454406
0.429749
0.429144
0.444105
0.461965
0.458591
0.451872
0.436449
0.427521
0.433656
0.439231
0.415597
0.42869
0.432207
0.45127
0.446489
0.460739
0.454692
0.423585
0.390166
0.394979
0.410307
0.407006
0.428098
0.451067
0.461343
0.472154
0.465827
0.464862
0.455247
0.453515
0.47752
0.487781
0.495344
0.49227
0.483385
0.485159
0.50624
0.512282
0.519673
0.494783
0.482472
0.453534
0.470081
0.48709
0.490652
0.486026
0.493049
0.494609
0.466388
0.45735
0.457728
0.47775
0.493116
0.507126
0.499722
0.489842
0.491248
0.514052
0.528034
0.534157
0.512558
0.522442
0.531477
0.538308
0.556087
0.57844
0.578786
0.569036
0.573476
0.612777
0.640833
0.635739
0.606104
0.56704
0.582778
0.555379
0.560903
0.552796
0.568884
0.570999
0.571025
0.564526
0.571162
0.608915
0.644008
0.663723
0.668637
0.654391
0.651179
0.662563
0.703106
0.700589
0.687727
0.678582
0.677173
0.68012
0.668138
0.708527
0.714753
0.700018
0.683936
0.658947
0.658699
0.567046
0.559036
0.55246
0.562967
0.586446
0.613653
0.614196
0.588912
0.596744
0.579761
0.551244
0.548394
0.567727
0.582122
0.564068
0.563935
0.579231
0.607125
0.647191
0.642186
0.58579
0.571581
0.586602
0.58005
0.557837
0.555488
0.576338
0.576131
0.606058
0.619713
0.582268
0.559381
0.552351
0.571273
0.580172
0.58448
0.578012
0.602409
0.611559
0.610992
0.579766
0.578915
0.602359
0.601404
0.598783
0.573685
0.571054
0.561704
0.585674
0.614696
0.619112
0.646032
0.617007
0.613464
0.593534
0.612198
0.597924
0.604446
0.58783
0.599897
0.590136
0.604717
0.586887
0.586157
0.579978
0.586778
0.605343
0.636971
0.672875
0.671511
0.657252
0.657413
0.643065
0.64378
0.618694
0.620478
0.612081
0.647003
0.64142
0.64551
0.607298
0.624262
0.635686
0.634634
0.62544
0.620322
0.64137
0.62957
0.632934
0.614018
0.593672
0.586823
0.589461
0.604132
0.605663
0.584372
0.576251
0.582048
0.57448
0.567684
0.546037
0.545215
0.528936
0.551723
0.557328
0.543369
0.529497
0.536619
0.532884
0.526691
0.523119
0.515952
0.511095
0.49956
0.493535
0.518087
0.535919
0.536968
0.524584
0.515344
0.518243
0.50972
0.517464
0.512553
0.515892
0.503498
0.518334
0.546219
0.557276
0.536151
0.496361
0.497455
0.505486
0.507271
0.516503
0.506079
0.490228
0.488757
0.513477
0.517633
0.527388
0.512676
0.488705
0.499941
0.490846
0.489819
0.486177
0.48558
0.487804
0.47493
0.476998
0.475459
0.47344
0.46906
0.450597
0.454989
0.463692
0.46262
0.465494
0.476368
0.480211
0.47253
0.463643
0.470722
0.48445
0.480942
0.484976
0.482974
0.492058
0.489717
0.488682
0.467643
0.459105
0.45611
0.451256
0.456842
0.461669
0.472805
0.487687
0.4837
0.47032
0.46939
0.475423
0.473385
0.475055
0.50729
0.509315
0.495025
0.488329
0.476334
0.478613
0.470985
0.47398
0.475552
0.477142
0.48501
0.487044
0.460089
0.450467
0.465296
0.470961
0.47657
0.467768
0.458588
0.457967
0.441398
0.426772
0.429465
0.443061
0.448177
0.443073
0.430894
0.442918
0.441035
0.438762
0.435885
0.440249
0.446767
0.454203
0.45186
0.452551
0.444374
0.430502
0.428248
0.429752
0.435051
0.433546
0.431115
0.43217
0.440935
0.43688
0.449104
0.450165
0.446981
0.443755
0.450596
0.453894
0.451885
0.434395
0.426596
0.415443
0.411095
0.413315
0.404485
0.397572
0.40283
0.407586
0.4226
0.421649
0.427125
0.426041
0.427064
0.415147
0.417122
0.435253
0.436581
0.423073
0.398348
0.408672
0.40988
0.423005
0.428575
0.436391
0.445823
0.440127
0.424739
0.433358
0.428954
0.447687
0.450415
0.45156
0.447726
0.442884
0.436647
0.426581
0.423671
0.427963
0.452211
0.446634
0.438815
0.443386
0.462898
0.46513
0.463818
0.460898
0.466385
0.479214
0.476291
0.471136
0.466007
0.461512
0.459719
0.455739
0.457122
0.477478
0.483073
0.494079
0.477433
0.478715
0.500874
0.524207
0.524369
0.520784
0.5248
0.525717
0.523733
0.526691
0.532387
0.539315
0.521887
0.523424
0.526144
0.538174
0.540353
0.546103
0.539124
0.546167
0.532665
0.518977
0.503244
0.495853
0.499846
0.503271
0.502435
0.506442
0.512338
0.51676
0.510323
0.513277
0.525835
0.519283
0.516244
0.490632
0.491427
0.480892
0.481272
0.465585
0.463083
0.470663
0.49099
0.496335
0.504834
0.496228
0.500696
0.501218
0.507366
0.498239
0.484806
0.487054
0.474492
0.462309
0.474011
0.488235
0.49733
0.494288
0.506514
0.500191
0.499974
0.497931
0.494046
0.473132
0.485945
0.494884
0.50578
0.510779
0.523394
0.526859
0.522907
0.519236
0.535863
0.521268
0.529684
0.519376
0.515565
0.498849
0.518706
0.525277
0.528633
0.525791
0.535547
0.529083
0.526078
0.52373
0.514403
0.50881
0.504341
0.508729
0.505647
0.507527
0.515925
0.511846
0.512933
0.506805
0.520278
0.520585
0.52032
0.51687
0.505829
0.515889
0.515945
0.496088
0.486806
0.4887
0.505231
0.514197
0.521585
0.508224
0.517047
0.5101
0.513738
0.507446
0.491586
0.481875
0.46697
0.459372
0.452401
0.443348
0.447565
0.452374
0.455464
0.445127
0.454251
0.468459
0.480073
0.481939
0.485252
0.474066
0.471339
0.482065
0.487314
0.484228
0.479602
0.483088
0.480167
0.492096
0.489651
0.490623
0.498817
0.499663
0.502822
0.528091
0.53436
0.532723
0.539587
0.538917
0.532325
0.530003
0.550066
0.556265
0.558419
0.556673
0.552467
0.541904
0.5284
0.528199
0.549255
0.546588
0.543463
0.534825
0.550629
0.577536
0.586588
0.57913
0.573506
0.582105
0.583081
0.5967
0.60527
0.603423
0.586732
0.599849
0.591801
0.594152
0.60075
0.610737
0.615445
0.615787
0.61298
0.618345
0.607216
0.612992
0.602792
0.610867
0.615262
0.622266
0.621775
0.614847
0.636738
0.647994
0.64542
0.652989
0.669533
0.664085
0.64961
0.65438
0.671218
0.6734
0.674995
0.662378
0.680401
0.682672
0.687208
0.686308
0.674802
0.654265
0.646824
0.666747
0.657666
0.654094
0.661264
0.658266
0.662087
0.676513
0.662216
0.665837
0.67821
0.690666
0.692634
0.683535
0.6861
0.688416
0.696435
0.718805
0.723462
0.716114
0.706394
0.69905
0.700037
0.694411
0.687624
0.69989
0.712064
0.730307
0.724241
0.723708
0.750858
0.752362
0.742086
0.734621
0.744208
0.749106
0.750993
0.756568
0.75579
0.769921
0.769019
0.770308
0.759328
0.757551
0.768345
0.771675
0.764265
0.760723
0.770218
0.779102
0.762006
0.756267
0.770635
0.76266
0.763522
0.760414
0.767108
0.752551
0.764936
0.771736
0.758279
0.769679
0.765512
0.792761
0.785044
0.798278
0.782705
0.777458
0.764979
0.79824
0.816075
0.809447
0.803334
0.798089
0.77781
0.76524
0.773229
0.795454
0.800656
0.789049
0.807399
0.826715
0.830582
0.829465
0.83031
0.843795
0.839276
0.835261
0.832119
0.844408
0.839347
0.833539
0.830629
0.848355
0.863074
0.864854
0.846119
0.843196
0.828988
0.82774
0.828178
0.815302
0.85109
0.870513
0.886393
0.887181
0.869981
0.860142
0.844898
0.838385
0.843742
0.856122
0.851464
0.845022
0.854589
0.869158
0.873024
0.862581
0.847543
0.850635
0.84169
0.82357
0.807825
0.80279
0.823302
0.810511
0.808964
0.788429
0.778363
0.793865
0.800114
0.807347
0.805933
0.818105
0.837754
0.851195
0.85385
0.836904
0.809332
0.822472
0.842523
0.86999
0.875634
0.86572
0.874168
0.902441
0.88152
0.900511
0.866043
0.875133
0.859491
0.853437
0.844356
0.840122
0.839519
0.83183
0.85263
0.85694
0.865113
0.851933
0.862153
0.849095
0.838451
0.838762
0.822529
0.809065
0.834215
0.843777
0.842275
0.840798
0.845293
0.846938
0.841872
0.835029
0.856337
0.848776
0.856088
0.868746
0.883881
0.884186
0.888997
0.886131
0.89265
0.897044
0.898191
0.91207
0.91531
0.890294
0.908538
0.913627
0.909008
0.88157
0.879893
0.867902
0.870623
0.86526
0.869303
0.855712
0.854044
0.861965
0.858659
0.863653
0.854725
0.862897
0.859948
0.849032
0.853077
0.850398
0.852583
0.838595
0.844313
0.851074
0.849759
0.862001
0.8558
0.847588
0.842104
0.85065
0.859442
0.86436
0.860533
0.850185
0.813349
0.819451
0.814548
0.807564
0.796564
0.802059
0.80676
0.82282
0.810249
0.810038
0.827634
0.825125
0.815906
0.804007
0.806713
0.789717
0.786602
0.769278
0.792395
0.806576
0.814129
0.797297
0.792397
0.781632
0.778106
0.786661
0.79735
0.787643
0.773246
0.772314
0.767982
0.789922
0.780719
0.792138
0.79815
0.784399
0.783824
0.781396
0.786829
0.78777
0.788497
0.791435
0.807804
0.823593
0.839959
0.823971
0.828482
0.850597
0.861424
0.836257
0.821444
0.823223
0.829459
0.825565
0.812525
0.807118
0.81797
0.819535
0.820545
0.812613
0.831166
0.827227
0.826917
0.812212
0.805501
0.799218
0.799703
0.788358
0.805863
0.817779
0.814465
0.793174
0.793781
0.787862
0.77287
0.769126
0.765443
0.78198
0.79073
0.806747
0.793313
0.777381
0.770927
0.763
0.773505
0.769714
0.762958
0.774977
0.775009
0.7563
0.766132
0.769438
0.790592
0.745887
0.738017
0.751661
0.743545
0.766187
0.754925
0.759242
0.760428
0.75713
0.758876
0.740868
0.741376
0.727021
0.72945
0.72958
0.734094
0.729329
0.738994
0.753098
0.758297
0.717319
0.698768
0.692476
0.696801
0.685307
0.713182
0.713938
0.733489
0.74338
0.742371
0.714163
0.697982
0.721015
0.722871
0.743558
0.723214
0.716306
0.707849
0.709346
0.697029
0.637946
0.665179
0.669557
0.664506
0.643454
0.636541
0.652905
0.65707
0.652118
0.645946
0.616434
0.604539
0.609024
0.574548
0.583528
0.574106
0.582535
0.580465
0.602761
0.616071
0.551772
0.543862
0.523644
0.508018
0.513334
0.529067
0.516293
0.50016
0.507948
0.524431
0.470361
0.473848
0.468814
0.47649
0.48259
0.503443
0.495294
0.490063
0.468038
0.456566
0.413629
0.408265
0.431878
0.432131
0.43738
0.417384
0.410732
0.400006
0.396733
0.394173
0.35409
0.383038
0.377639
0.371306
0.354966
0.35886
0.360068
0.371117
0.369105
0.367841
0.321521
0.338647
0.364407
0.368428
0.36783
0.355807
0.353425
0.357628
0.35349
0.359909
0.324545
0.324271
0.322502
0.331702
0.332892
0.335196
0.328052
0.323564
0.32926
0.330115
0.150845
0.250692
0.283116
0.28834
0.200931
0.270436
0.339238
0.341937
0.34423
0.347111
0.305368
0.402894
0.495249
0.543722
0.460751
0.379974
0.407591
0.428129
0.434423
0.440134
0.552578
0.551995
0.50321
0.321775
0.322303
0.317527
0.311977
0.320423
0.322307
0.329505
0.357187
0.32486
0.322056
0.281406
0.288506
0.218304
0.220759
0.216063
0.219663
0.227536
0.425782
0.420149
0.420948
0.426822
0.437243
0.431243
0.433544
0.435185
0.439792
0.438198
0.427883
0.43092
0.43035
0.43761
0.437205
0.434216
0.431722
0.438223
0.436637
0.436949
0.410116
0.409553
0.410671
0.411513
0.412873
0.413315
0.416451
0.418091
0.41718
0.427386
0.423439
0.424889
0.419836
0.418743
0.420987
0.423024
0.426427
0.42579
0.424227
0.424133
0.415255
0.420312
0.422986
0.427896
0.43449
0.448497
0.445558
0.441923
0.436994
0.441086
0.427339
0.429074
0.425432
0.421886
0.424827
0.425692
0.429099
0.430022
0.430156
0.429983
0.42904
0.426013
0.430593
0.425926
0.421903
0.414843
0.41473
0.413001
0.413957
0.413464
0.40723
0.40564
0.405422
0.403345
0.400188
0.411605
0.409356
0.408953
0.403307
0.401569
0.392585
0.392657
0.394538
0.399211
0.398315
0.395392
0.394592
0.399117
0.396075
0.395941
0.395359
0.395665
0.395303
0.411057
0.410606
0.414713
0.405522
0.409853
0.406015
0.416623
0.408852
0.411019
0.401564
0.405071
0.40194
0.40234
0.401853
0.398365
0.399139
0.397016
0.396009
0.39733
0.396344
0.394983
0.397802
0.397631
0.400673
0.399806
0.401999
0.398632
0.399147
0.398396
0.396475
0.397604
0.397066
0.396189
0.397177
0.399557
0.399546
0.397689
0.397561
0.401314
0.400855
0.399728
0.398707
0.397985
0.397421
0.39788
0.398269
0.397062
0.399332
0.402746
0.401469
0.401141
0.401307
0.401902
0.402318
0.400893
0.402258
0.404019
0.396172
0.395369
0.397164
0.39712
0.397087
0.395847
0.396597
0.392865
0.397576
0.398627
0.391907
0.394287
0.394262
0.391255
0.390655
0.390597
0.393331
0.392176
0.39003
0.390254
0.388215
0.38701
0.386829
0.38649
0.387427
0.388351
0.387361
0.387836
0.390903
0.390086
0.389682
0.387921
0.391433
0.393024
0.395319
0.393676
0.393174
0.391598
0.391429
0.392065
0.390657
0.39205
0.392664
0.394662
0.393292
0.393618
0.392855
0.393258
0.395097
0.395361
0.392611
0.392355
0.390493
0.389285
0.389298
0.38951
0.391958
0.392688
0.392856
0.391392
0.389815
0.389964
0.391666
0.389353
0.389754
0.389472
0.391744
0.390795
0.389842
0.387237
0.385166
0.387056
0.388862
0.389523
0.387382
0.398847
0.400225
0.399706
0.389164
0.389089
0.389748
0.38967
0.399575
0.398039
0.398413
0.389957
0.390878
0.390186
0.393519
0.393866
0.391522
0.392709
0.39679
0.396638
0.394729
0.391235
0.392553
0.393749
0.39272
0.393665
0.395473
0.39754
0.393288
0.393576
0.39476
0.397628
0.397521
0.398298
0.397875
0.397753
0.398634
0.402559
0.405071
0.41481
0.41117
0.412994
0.416911
0.415951
0.414424
0.40485
0.408074
0.409902
0.409101
0.412057
0.41428
0.417905
0.416958
0.415156
0.41549
0.417209
0.408097
0.410525
0.41057
0.409373
0.410723
0.411427
0.409117
0.412617
0.409109
0.413845
0.40665
0.409048
0.409307
0.409569
0.421083
0.422852
0.424114
0.429978
0.432439
0.435296
0.418696
0.41841
0.418644
0.417685
0.415633
0.420002
0.418702
0.414697
0.404185
0.408413
0.406265
0.411584
0.405699
0.403638
0.409042
0.40522
0.409489
0.407204
0.407868
0.406679
0.415958
0.4221
0.411724
0.425589
0.425375
0.440614
0.436744
0.449627
0.444001
0.462486
0.472747
0.467177
0.455385
0.444458
0.459389
0.461846
0.463339
0.453575
0.455852
0.45214
0.451869
0.472115
0.471228
0.471907
0.455085
0.452406
0.456456
0.452496
0.463939
0.486693
0.460694
0.432642
0.4197
0.431287
0.447634
0.446906
0.44962
0.438736
0.45547
0.449784
0.44179
0.440467
0.440799
0.418738
0.412007
0.395241
0.398585
0.414758
0.417831
0.40797
0.356937
0.373674
0.369801
0.401683
0.405935
0.405747
0.384377
0.379191
0.385774
0.389949
0.409412
0.407567
0.413252
0.416766
0.441523
0.442646
0.451017
0.440129
0.452661
0.46072
0.468862
0.467721
0.468257
0.450898
0.448019
0.469678
0.482907
0.474573
0.454313
0.465275
0.471865
0.473765
0.457014
0.477585
0.471333
0.480861
0.471102
0.480156
0.488191
0.516315
0.5049
0.505144
0.501605
0.496974
0.50364
0.506699
0.517941
0.516952
0.537669
0.532361
0.5222
0.536713
0.538863
0.514671
0.523905
0.540458
0.5521
0.545272
0.555072
0.578161
0.58714
0.584766
0.572165
0.545738
0.549222
0.563995
0.608535
0.615391
0.624957
0.604867
0.573821
0.575931
0.606647
0.629659
0.605512
0.614918
0.612707
0.650561
0.661996
0.68227
0.661949
0.653633
0.664817
0.656467
0.696834
0.713459
0.73965
0.719209
0.734601
0.732876
0.686916
0.658409
0.644611
0.641174
0.67401
0.661132
0.631855
0.620257
0.633237
0.652495
0.607465
0.600318
0.569811
0.564639
0.577432
0.602954
0.600375
0.598076
0.58627
0.612828
0.551294
0.552661
0.563217
0.562744
0.590289
0.558654
0.583657
0.58007
0.58253
0.550814
0.500837
0.492523
0.499924
0.512518
0.521136
0.535011
0.528904
0.520077
0.494968
0.493151
0.501482
0.538467
0.53335
0.552987
0.529412
0.534482
0.538991
0.557363
0.555844
0.568115
0.53343
0.538409
0.539426
0.546835
0.520845
0.524209
0.526379
0.54019
0.553043
0.564194
0.53537
0.555572
0.547765
0.546084
0.547339
0.565532
0.572968
0.57556
0.568592
0.55991
0.54438
0.564333
0.561806
0.543851
0.529472
0.532727
0.554292
0.556423
0.570315
0.572924
0.576195
0.571543
0.571467
0.575897
0.577192
0.582571
0.564645
0.562289
0.550659
0.54853
0.5211
0.520718
0.5175
0.508428
0.521692
0.526849
0.528457
0.521816
0.52699
0.529229
0.514072
0.500949
0.497894
0.48694
0.502037
0.511521
0.49763
0.482585
0.468063
0.491496
0.496105
0.489625
0.486437
0.479414
0.496423
0.483924
0.490002
0.471561
0.466129
0.453123
0.453641
0.463096
0.4771
0.479412
0.476719
0.470003
0.476364
0.495298
0.48881
0.499843
0.458594
0.457814
0.448162
0.445171
0.448721
0.457609
0.462806
0.47011
0.461285
0.461064
0.456308
0.466259
0.487054
0.480717
0.47315
0.460113
0.451521
0.446652
0.440654
0.448686
0.456537
0.469728
0.470075
0.462448
0.468922
0.481342
0.485037
0.506505
0.487686
0.494925
0.487718
0.496931
0.495723
0.473635
0.476649
0.482488
0.490108
0.484564
0.489528
0.4997
0.505071
0.497299
0.489707
0.497715
0.504686
0.484515
0.517482
0.516069
0.510997
0.476283
0.470263
0.465218
0.472129
0.463172
0.467275
0.463448
0.467542
0.472354
0.473774
0.475485
0.449137
0.455772
0.458843
0.449922
0.439525
0.447057
0.454971
0.447352
0.452812
0.448452
0.440922
0.424908
0.435713
0.444491
0.450523
0.44842
0.444281
0.450413
0.458631
0.458763
0.445972
0.445088
0.439128
0.464974
0.478064
0.45743
0.436012
0.443496
0.424664
0.419235
0.409668
0.414555
0.410744
0.408791
0.410066
0.418419
0.421809
0.413041
0.409629
0.42724
0.435761
0.42999
0.430595
0.435676
0.425795
0.409567
0.39926
0.400062
0.408577
0.43039
0.430687
0.421198
0.418137
0.407386
0.406238
0.405421
0.398775
0.400798
0.411841
0.41162
0.421261
0.41586
0.406498
0.408339
0.401505
0.40755
0.411783
0.415779
0.426674
0.426343
0.417719
0.424929
0.429043
0.438392
0.424887
0.433191
0.449163
0.462405
0.461915
0.466906
0.446558
0.463516
0.478398
0.480762
0.463498
0.479035
0.483521
0.486199
0.47141
0.47185
0.459355
0.460194
0.459468
0.460179
0.483448
0.47689
0.473467
0.462371
0.477821
0.473425
0.49089
0.482985
0.488069
0.491152
0.498722
0.482769
0.490973
0.500385
0.511105
0.510708
0.505613
0.501527
0.503047
0.510209
0.520389
0.521938
0.526405
0.526112
0.515739
0.521087
0.512033
0.515008
0.519815
0.517728
0.542279
0.533089
0.527149
0.523386
0.522492
0.528366
0.53684
0.546514
0.545331
0.548855
0.529454
0.54142
0.531483
0.531245
0.54219
0.538565
0.532791
0.522552
0.516421
0.526302
0.520108
0.518676
0.521418
0.515835
0.542248
0.554789
0.541327
0.533333
0.537597
0.569863
0.562131
0.556356
0.536823
0.547911
0.551481
0.54114
0.54138
0.529164
0.528762
0.527763
0.53409
0.538026
0.532057
0.527942
0.523052
0.533753
0.538135
0.530518
0.543587
0.518277
0.510971
0.504371
0.513215
0.509725
0.51319
0.516614
0.514715
0.513447
0.512754
0.52647
0.526194
0.52537
0.536882
0.528916
0.532894
0.521437
0.532517
0.530503
0.523657
0.519515
0.523189
0.513123
0.516512
0.518216
0.54802
0.537593
0.547808
0.545518
0.544389
0.528483
0.534693
0.526294
0.523348
0.516969
0.515226
0.51683
0.497292
0.509957
0.517284
0.507493
0.520601
0.522256
0.519874
0.514662
0.517325
0.50859
0.506894
0.485639
0.498413
0.50374
0.513959
0.516184
0.508242
0.51222
0.509083
0.514355
0.521302
0.519944
0.502713
0.512974
0.504961
0.508339
0.510124
0.50765
0.51502
0.518792
0.525673
0.542572
0.538739
0.545567
0.546113
0.540849
0.535456
0.543198
0.54096
0.542767
0.575404
0.575014
0.571067
0.563798
0.560673
0.563254
0.557443
0.556722
0.554404
0.54963
0.566334
0.54721
0.556496
0.55035
0.551593
0.563936
0.572938
0.580018
0.569941
0.567317
0.566363
0.581623
0.586996
0.595152
0.6014
0.596956
0.603691
0.595692
0.582479
0.586819
0.583382
0.585699
0.567982
0.573982
0.574909
0.580617
0.566863
0.584005
0.593587
0.616262
0.631068
0.627105
0.639031
0.637145
0.652924
0.664913
0.664964
0.670384
0.687029
0.703296
0.718934
0.732158
0.73319
0.731526
0.7133
0.716313
0.727357
0.723604
0.7283
0.730739
0.758224
0.754377
0.756594
0.742515
0.744995
0.766087
0.753255
0.744449
0.739097
0.75929
0.746829
0.751769
0.746495
0.742756
0.754649
0.737865
0.737768
0.727495
0.721399
0.717967
0.751301
0.756263
0.758586
0.757166
0.749791
0.754714
0.735375
0.73895
0.73693
0.741347
0.739937
0.732122
0.745633
0.750399
0.755149
0.747597
0.743302
0.731904
0.741838
0.747829
0.756005
0.755666
0.761521
0.757669
0.769645
0.795499
0.79553
0.792478
0.7809
0.791234
0.797253
0.787167
0.810946
0.814794
0.822195
0.805981
0.794666
0.789708
0.801484
0.814654
0.82644
0.809877
0.807761
0.800738
0.80465
0.801915
0.815298
0.839549
0.828811
0.820006
0.81489
0.820502
0.82358
0.828519
0.832783
0.83152
0.833012
0.838069
0.835055
0.843125
0.852451
0.859828
0.881909
0.884106
0.888209
0.865377
0.880266
0.87165
0.863948
0.844987
0.828032
0.84227
0.847089
0.841155
0.832669
0.852017
0.857857
0.857679
0.864493
0.852049
0.861789
0.867103
0.86874
0.87782
0.86476
0.842267
0.835052
0.841979
0.822528
0.835887
0.847936
0.864264
0.895303
0.88467
0.889609
0.853871
0.866702
0.862269
0.853168
0.831757
0.828371
0.810801
0.797478
0.783096
0.788357
0.806746
0.819114
0.808582
0.824013
0.827492
0.820382
0.826261
0.845547
0.850966
0.840445
0.838782
0.841232
0.850622
0.857971
0.832473
0.831633
0.82779
0.830421
0.830997
0.836129
0.819253
0.838402
0.839676
0.850344
0.844144
0.881196
0.875325
0.881904
0.842277
0.848663
0.826772
0.838565
0.843865
0.853215
0.862041
0.855567
0.842855
0.845909
0.851084
0.85756
0.838149
0.831096
0.843403
0.854351
0.839758
0.814994
0.785471
0.774845
0.77168
0.770778
0.788207
0.803949
0.814458
0.814489
0.814735
0.812351
0.81635
0.832593
0.833546
0.824686
0.810466
0.820407
0.82073
0.820873
0.842978
0.837392
0.841956
0.829053
0.854112
0.833027
0.833437
0.839227
0.834582
0.839945
0.841932
0.848153
0.835222
0.824176
0.842197
0.878063
0.878678
0.881838
0.868822
0.873897
0.856323
0.86343
0.874717
0.880933
0.864331
0.89415
0.92559
0.917118
0.892271
0.875141
0.862951
0.87862
0.873247
0.863457
0.860049
0.857676
0.854367
0.855694
0.848115
0.83806
0.831358
0.826791
0.81188
0.82077
0.83243
0.830869
0.82075
0.806913
0.809228
0.813086
0.819264
0.814287
0.829943
0.827436
0.838222
0.819721
0.825551
0.814545
0.84254
0.840553
0.843391
0.85001
0.842375
0.840601
0.822698
0.817434
0.803639
0.823669
0.8506
0.848362
0.863721
0.844814
0.86002
0.855639
0.867871
0.853898
0.865191
0.865534
0.847187
0.836482
0.841497
0.842851
0.882864
0.876546
0.901809
0.866175
0.873687
0.860892
0.856678
0.838518
0.827609
0.833493
0.839536
0.848849
0.839844
0.836079
0.862201
0.840612
0.841941
0.823782
0.825541
0.828243
0.832894
0.850271
0.846175
0.843506
0.82767
0.826831
0.860151
0.860239
0.872013
0.870136
0.892425
0.877667
0.838159
0.820017
0.841311
0.849824
0.866579
0.866901
0.867589
0.839125
0.839398
0.84328
0.858085
0.862093
0.843142
0.839832
0.815983
0.804929
0.813177
0.806974
0.829796
0.831392
0.815534
0.818303
0.819655
0.807204
0.804439
0.793782
0.811798
0.771378
0.765777
0.752048
0.758514
0.763472
0.782054
0.785054
0.792288
0.765604
0.76349
0.746263
0.747381
0.735441
0.725036
0.725282
0.710444
0.722372
0.73081
0.735875
0.741704
0.691464
0.686655
0.675257
0.671668
0.663157
0.667966
0.680432
0.69225
0.686931
0.675254
0.627876
0.626843
0.639409
0.630404
0.654841
0.660093
0.650323
0.627402
0.64235
0.654401
0.62044
0.604278
0.61071
0.611487
0.617559
0.618139
0.623375
0.623447
0.612411
0.601719
0.540381
0.54468
0.546244
0.546525
0.569283
0.57239
0.577378
0.560412
0.562423
0.557564
0.512001
0.501636
0.505529
0.492784
0.486455
0.477052
0.477364
0.467611
0.45508
0.463744
0.441011
0.449038
0.455341
0.441654
0.454022
0.463434
0.465778
0.46499
0.458278
0.466621
0.401177
0.403523
0.422182
0.428945
0.429596
0.42074
0.429081
0.423553
0.428748
0.405762
0.395071
0.384024
0.388603
0.389584
0.38217
0.385577
0.370641
0.380894
0.381975
0.397746
0.348545
0.345214
0.35048
0.340578
0.337063
0.35074
0.355015
0.3518
0.340948
0.34083
0.090757
0.096978
0.127095
0.130648
0.15843
0.161979
0.228712
0.233225
0.274034
0.276846
0.297068
0.236356
0.274148
0.278464
0.36403
0.365679
0.364161
0.253314
0.261611
0.390338
0.324662
0.323793
0.2006
0.201592
0.1722
0.176418
0.175282
0.275858
0.27702
0.279881
0.15351
0.159662
0.200405
0.241224
0.239298
0.238664
0.240755
0.24377
0.207684
0.205451
0.389516
0.390332
0.394448
0.392458
0.39481
0.394178
0.394388
0.393321
0.397295
0.399682
0.386772
0.385298
0.387214
0.390743
0.394198
0.395201
0.393271
0.39681
0.401559
0.402198
0.385405
0.384625
0.386683
0.388358
0.389511
0.39093
0.388753
0.401407
0.400716
0.400359
0.388841
0.392098
0.393277
0.391084
0.38609
0.38375
0.38561
0.384596
0.388239
0.38696
0.382977
0.386589
0.389018
0.389464
0.391111
0.390356
0.390425
0.391183
0.394991
0.396694
0.386901
0.39663
0.398446
0.40002
0.389992
0.388806
0.394198
0.39878
0.39478
0.396803
0.395829
0.390454
0.39034
0.389815
0.390701
0.39294
0.392835
0.390584
0.388084
0.388428
0.386666
0.384337
0.383271
0.38299
0.382619
0.381402
0.382123
0.379395
0.381331
0.382017
0.379357
0.378684
0.378967
0.378164
0.379963
0.379561
0.378765
0.377861
0.38135
0.381935
0.378842
0.375818
0.375733
0.375842
0.376452
0.378789
0.379131
0.383371
0.382471
0.383229
0.377013
0.375068
0.375414
0.374312
0.374667
0.374145
0.373825
0.374151
0.374917
0.373326
0.36877
0.369193
0.373696
0.375817
0.374928
0.376929
0.383015
0.381997
0.380533
0.382712
0.379119
0.379255
0.379923
0.38027
0.390376
0.391282
0.390909
0.382494
0.384831
0.387338
0.385969
0.387788
0.384716
0.384232
0.384662
0.392673
0.395501
0.396139
0.389182
0.38201
0.379568
0.382396
0.381355
0.380855
0.378846
0.379871
0.380562
0.380836
0.377639
0.38085
0.375874
0.378037
0.377015
0.376309
0.375353
0.376426
0.376356
0.376187
0.375574
0.37728
0.377167
0.380797
0.381274
0.380612
0.38016
0.379484
0.383302
0.382795
0.394416
0.394478
0.375917
0.374635
0.376168
0.374609
0.374978
0.375461
0.373537
0.37463
0.374144
0.369635
0.368656
0.366351
0.367133
0.364933
0.366433
0.370614
0.373885
0.373579
0.369744
0.37017
0.369919
0.371156
0.37121
0.371122
0.368076
0.368765
0.36982
0.371472
0.372679
0.373238
0.365917
0.366944
0.36833
0.371772
0.37374
0.375748
0.374862
0.373462
0.374112
0.370382
0.371359
0.371182
0.372692
0.373589
0.375493
0.373746
0.376295
0.378372
0.37791
0.378031
0.374917
0.374437
0.373756
0.37379
0.374296
0.371756
0.373154
0.373865
0.373287
0.372163
0.370259
0.370504
0.37442
0.375044
0.373579
0.372626
0.371102
0.370341
0.371862
0.36855
0.368179
0.365281
0.366343
0.35502
0.355047
0.355614
0.355967
0.35784
0.358393
0.362665
0.354967
0.34524
0.342461
0.344704
0.345193
0.346
0.346297
0.346102
0.345812
0.345928
0.346205
0.347622
0.348453
0.34779
0.352282
0.352456
0.355941
0.356094
0.383871
0.384746
0.38602
0.365555
0.368174
0.367767
0.372494
0.369865
0.369971
0.369193
0.372326
0.373346
0.375953
0.375779
0.374465
0.375581
0.374367
0.380899
0.372058
0.369046
0.363121
0.364042
0.362377
0.365432
0.368104
0.365642
0.364222
0.363617
0.371826
0.367687
0.371067
0.368827
0.361679
0.365213
0.378237
0.376119
0.374916
0.36139
0.370915
0.360684
0.362025
0.355692
0.352951
0.353683
0.359541
0.359142
0.359509
0.358604
0.34248
0.34711
0.343256
0.340856
0.332061
0.336739
0.327123
0.330028
0.324197
0.327024
0.329547
0.338831
0.325043
0.326643
0.311206
0.307797
0.314477
0.314923
0.319596
0.319446
0.323959
0.328679
0.318603
0.323192
0.328495
0.332507
0.316357
0.317623
0.320072
0.320382
0.338893
0.344054
0.345612
0.335824
0.360442
0.367651
0.371886
0.368652
0.373853
0.381289
0.377564
0.383284
0.378525
0.358067
0.351553
0.36226
0.384276
0.385309
0.362686
0.346291
0.371822
0.391851
0.404062
0.37949
0.378758
0.380021
0.374655
0.380373
0.399616
0.41032
0.402037
0.38465
0.379854
0.378345
0.420155
0.417582
0.428813
0.442724
0.452562
0.437323
0.456664
0.437537
0.440958
0.399174
0.429302
0.417372
0.437075
0.444576
0.457109
0.46006
0.456014
0.457607
0.481804
0.499277
0.523445
0.507089
0.517013
0.490875
0.488069
0.498936
0.52297
0.525664
0.519158
0.50405
0.503268
0.495349
0.507265
0.504553
0.478443
0.493104
0.494475
0.512627
0.523297
0.5519
0.551192
0.547988
0.524794
0.512486
0.537806
0.53528
0.531381
0.531282
0.53612
0.561447
0.557454
0.612888
0.608312
0.598539
0.588172
0.594893
0.594257
0.577937
0.611992
0.641819
0.672735
0.667
0.676056
0.694935
0.718253
0.718493
0.703655
0.696773
0.714704
0.699421
0.67366
0.64581
0.644592
0.62853
0.672903
0.678181
0.697616
0.653568
0.624873
0.598707
0.527291
0.544467
0.54362
0.566393
0.568931
0.566787
0.55651
0.587833
0.580624
0.588901
0.513111
0.501359
0.532111
0.542571
0.551263
0.520972
0.57175
0.56955
0.587123
0.559514
0.514107
0.493144
0.496583
0.510336
0.518272
0.516046
0.514565
0.507809
0.489576
0.501314
0.473569
0.483554
0.47881
0.46417
0.470709
0.474816
0.496007
0.477351
0.475742
0.460708
0.469744
0.481546
0.495499
0.496963
0.482912
0.505235
0.523886
0.525837
0.521494
0.508808
0.512547
0.502115
0.499939
0.504185
0.514773
0.523317
0.525676
0.542324
0.553699
0.533941
0.508878
0.494273
0.495039
0.500499
0.503433
0.515821
0.537722
0.543494
0.544727
0.526851
0.51789
0.525596
0.519347
0.522576
0.494157
0.489602
0.47348
0.497236
0.500982
0.505296
0.494865
0.500362
0.519978
0.526381
0.534035
0.525679
0.509908
0.502426
0.546664
0.567973
0.552488
0.523947
0.498786
0.511161
0.501075
0.508703
0.504028
0.500897
0.510589
0.490689
0.489914
0.496968
0.50125
0.506456
0.504297
0.489905
0.50306
0.496944
0.511626
0.511233
0.507461
0.518634
0.504869
0.511881
0.510624
0.504428
0.503868
0.502011
0.521184
0.516629
0.506962
0.481478
0.479819
0.46363
0.465535
0.456965
0.462074
0.473288
0.483022
0.472607
0.463125
0.471488
0.463186
0.474136
0.454759
0.453918
0.446658
0.46832
0.477783
0.47336
0.474849
0.483514
0.481569
0.478207
0.47745
0.48501
0.488988
0.481981
0.507526
0.511241
0.502156
0.512868
0.51563
0.506784
0.492455
0.49299
0.492847
0.482023
0.477156
0.479278
0.465103
0.45695
0.450621
0.446359
0.455932
0.460621
0.487521
0.487148
0.482115
0.469499
0.46781
0.472772
0.478134
0.481758
0.48852
0.483311
0.4758
0.460367
0.451438
0.454718
0.467844
0.485409
0.471275
0.462147
0.462093
0.475463
0.467393
0.454314
0.435308
0.424477
0.420523
0.431972
0.427878
0.442679
0.442597
0.434805
0.449458
0.451807
0.47605
0.463937
0.482693
0.464535
0.461696
0.440999
0.441392
0.43929
0.44803
0.450321
0.442111
0.450008
0.452929
0.454371
0.460911
0.437438
0.449305
0.456232
0.451945
0.450215
0.448076
0.45224
0.460387
0.460357
0.479732
0.480042
0.497487
0.478674
0.467934
0.446761
0.457027
0.463993
0.490772
0.476494
0.471099
0.466316
0.459288
0.459104
0.45232
0.451348
0.463983
0.453921
0.449988
0.445709
0.449661
0.445902
0.437961
0.427583
0.44275
0.454474
0.462654
0.453922
0.437023
0.440799
0.424716
0.425426
0.4204
0.420309
0.427881
0.440374
0.438295
0.453611
0.482978
0.490231
0.481768
0.471935
0.450969
0.456034
0.450476
0.464222
0.456816
0.468597
0.460708
0.474399
0.471599
0.470599
0.47293
0.481711
0.480772
0.478796
0.481902
0.504935
0.515488
0.501668
0.487896
0.491179
0.482904
0.483228
0.484416
0.498611
0.495114
0.495146
0.494354
0.499879
0.491838
0.495234
0.490752
0.495054
0.514711
0.528971
0.53604
0.535389
0.515361
0.520314
0.51632
0.508775
0.504696
0.50843
0.499735
0.503948
0.507421
0.490795
0.490878
0.489801
0.494562
0.493689
0.48242
0.486163
0.475739
0.483422
0.483673
0.491944
0.501681
0.503533
0.511573
0.514237
0.512201
0.504871
0.507361
0.497103
0.495782
0.510364
0.507086
0.508131
0.510891
0.527792
0.533678
0.539941
0.536508
0.541524
0.550869
0.550776
0.522841
0.524345
0.523059
0.519963
0.522223
0.500972
0.511048
0.514865
0.515847
0.508878
0.516817
0.525231
0.521244
0.509221
0.508532
0.512847
0.506372
0.503385
0.491619
0.4885
0.497395
0.502052
0.521786
0.502074
0.503594
0.498839
0.507512
0.501451
0.496151
0.488129
0.468865
0.477418
0.481375
0.477195
0.471443
0.472399
0.482871
0.482323
0.488107
0.480404
0.484547
0.485688
0.486188
0.491563
0.489884
0.496354
0.498997
0.489198
0.48116
0.493497
0.493948
0.49567
0.490688
0.480952
0.479372
0.485198
0.478399
0.484419
0.49081
0.488477
0.464399
0.445915
0.453138
0.453601
0.460927
0.460711
0.461113
0.464044
0.468485
0.459586
0.451166
0.459415
0.460192
0.46774
0.467608
0.471514
0.481957
0.469917
0.471078
0.456569
0.466139
0.474352
0.469176
0.472488
0.469385
0.460544
0.461741
0.455741
0.466979
0.46344
0.460921
0.454485
0.454961
0.448987
0.455057
0.465417
0.471846
0.465759
0.473998
0.479204
0.506536
0.517332
0.528425
0.531304
0.523158
0.507526
0.507951
0.506706
0.510588
0.508245
0.528822
0.543853
0.535002
0.529409
0.52893
0.535027
0.540829
0.549889
0.548169
0.553062
0.565134
0.555193
0.562703
0.566135
0.56916
0.570379
0.567637
0.564393
0.557224
0.56413
0.574627
0.573858
0.584927
0.582289
0.572582
0.571028
0.578752
0.591165
0.591491
0.599534
0.592227
0.593964
0.600691
0.604154
0.604475
0.613745
0.621914
0.622846
0.611746
0.617072
0.622432
0.618153
0.615481
0.613096
0.620362
0.606896
0.626526
0.615636
0.622888
0.616366
0.627457
0.630705
0.635858
0.64142
0.638131
0.630282
0.653464
0.676896
0.689205
0.696094
0.702801
0.701886
0.704173
0.692033
0.684106
0.675128
0.673162
0.680079
0.675558
0.660902
0.679248
0.689211
0.690575
0.686823
0.688003
0.703537
0.696664
0.688391
0.674386
0.702048
0.705597
0.70884
0.690123
0.704008
0.697109
0.707557
0.698786
0.707153
0.716261
0.708516
0.706916
0.680436
0.682743
0.694058
0.684307
0.689462
0.679674
0.689549
0.706389
0.710243
0.729349
0.714142
0.713267
0.746719
0.772526
0.767374
0.758024
0.77347
0.794514
0.80095
0.808653
0.816218
0.815446
0.800226
0.784419
0.786691
0.802059
0.802809
0.803812
0.79302
0.766727
0.738661
0.738609
0.740172
0.755401
0.773541
0.766886
0.795139
0.790136
0.798242
0.770747
0.786662
0.768939
0.784235
0.800783
0.804174
0.809028
0.814256
0.818238
0.818057
0.83024
0.825282
0.836262
0.833916
0.839382
0.82631
0.811088
0.814371
0.823589
0.815449
0.829615
0.813719
0.803908
0.804917
0.826639
0.83973
0.812761
0.803336
0.828656
0.841327
0.838698
0.845307
0.851158
0.843316
0.826474
0.83246
0.849215
0.869044
0.846988
0.828009
0.836938
0.846439
0.861177
0.864417
0.849251
0.854501
0.861664
0.876225
0.878271
0.862743
0.839472
0.839131
0.835717
0.834051
0.844896
0.852916
0.833345
0.835763
0.839021
0.827836
0.843508
0.82352
0.831809
0.837593
0.838899
0.829574
0.814048
0.822752
0.809579
0.805185
0.809819
0.81119
0.818683
0.815133
0.80767
0.791793
0.819689
0.82175
0.825855
0.829703
0.841836
0.850479
0.841797
0.840132
0.825919
0.822507
0.81971
0.798425
0.814497
0.832101
0.846941
0.851091
0.840212
0.828289
0.82061
0.842462
0.844965
0.846471
0.828023
0.841112
0.836413
0.832013
0.805038
0.803003
0.794548
0.813412
0.781478
0.778871
0.777458
0.805215
0.80535
0.785177
0.768148
0.783174
0.787599
0.796
0.78504
0.787675
0.798993
0.804079
0.835157
0.803427
0.818368
0.792844
0.808583
0.832388
0.847613
0.836478
0.816531
0.813572
0.819275
0.833676
0.829112
0.836161
0.820478
0.812445
0.820108
0.840768
0.863191
0.855434
0.842446
0.85904
0.84103
0.862965
0.862058
0.863912
0.849991
0.840776
0.830864
0.814558
0.804672
0.813281
0.815027
0.81018
0.801938
0.800191
0.812486
0.809852
0.811585
0.803678
0.79695
0.79323
0.801093
0.790179
0.779725
0.760459
0.746795
0.744141
0.743291
0.775974
0.79422
0.785123
0.761028
0.760708
0.759898
0.771882
0.775548
0.806899
0.814112
0.814168
0.795094
0.804429
0.821513
0.815865
0.807904
0.797608
0.796097
0.809844
0.814143
0.818115
0.832452
0.860007
0.854721
0.854957
0.857551
0.851568
0.845704
0.848656
0.871141
0.860365
0.861045
0.851623
0.868805
0.871886
0.885873
0.873806
0.852305
0.836028
0.834051
0.853458
0.845555
0.838614
0.843356
0.845323
0.826703
0.813556
0.838206
0.832477
0.805362
0.816348
0.80125
0.802102
0.801668
0.814407
0.837791
0.84511
0.852849
0.851732
0.872706
0.836728
0.764702
0.775547
0.776829
0.789277
0.807216
0.805409
0.794933
0.785608
0.780414
0.79276
0.733695
0.734534
0.73586
0.744693
0.765699
0.765555
0.760651
0.735444
0.734647
0.739866
0.731771
0.738563
0.740666
0.729474
0.722522
0.719943
0.716452
0.723038
0.724025
0.740979
0.705788
0.697476
0.685402
0.707351
0.703095
0.697589
0.684931
0.69644
0.706556
0.712178
0.653573
0.661236
0.657831
0.664568
0.647265
0.65091
0.653766
0.640894
0.634854
0.623208
0.618855
0.613825
0.615557
0.594767
0.599294
0.599285
0.599172
0.584128
0.593087
0.587277
0.564769
0.558041
0.554115
0.564422
0.563911
0.564303
0.559039
0.546308
0.539915
0.545794
0.487057
0.495162
0.494705
0.506437
0.496592
0.497751
0.495052
0.499916
0.504192
0.501288
0.467229
0.459854
0.468513
0.456346
0.460754
0.448047
0.438107
0.422948
0.421377
0.41882
0.393936
0.386731
0.387392
0.383544
0.393346
0.408914
0.421439
0.417804
0.408535
0.403231
0.362654
0.362193
0.355894
0.359724
0.355946
0.363312
0.362109
0.377897
0.384868
0.393017
0.347465
0.347463
0.353014
0.340675
0.342085
0.342926
0.339369
0.350114
0.350702
0.356646
0.304963
0.297373
0.303077
0.297918
0.300411
0.28766
0.290624
0.287244
0.289543
0.288284
0.083314
0.089666
0.178296
0.186277
0.191309
0.109608
0.14239
0.145444
0.150616
0.211415
0.178056
0.210777
0.215258
0.221746
0.226362
0.233213
0.357974
0.392473
0.389374
0.30011
0.302548
0.305012
0.309065
0.3072
0.367927
0.371114
0.375063
0.412414
0.442262
0.383878
0.379845
0.384581
0.386611
0.389851
0.395013
0.399519
0.360812
0.367283
0.365247
0.399704
0.537077
0.549442
0.553994
0.557358
0.559842
0.561246
0.561857
0.552874
0.551807
0.556443
0.550578
0.553227
0.556652
0.560993
0.562562
0.562979
0.562042
0.568611
0.569148
0.574593
0.536148
0.534716
0.5275
0.521782
0.521616
0.52114
0.518722
0.516031
0.519017
0.519602
0.522788
0.523925
0.523243
0.515201
0.516567
0.51898
0.515408
0.516621
0.516615
0.517121
0.518714
0.522295
0.522368
0.52478
0.522965
0.524796
0.521984
0.534071
0.532167
0.533964
0.513485
0.513061
0.514359
0.51774
0.52164
0.51864
0.519479
0.520165
0.519741
0.523229
0.521155
0.520521
0.520268
0.520335
0.519807
0.517727
0.517998
0.518789
0.52419
0.527851
0.523895
0.514502
0.513916
0.513274
0.517498
0.522431
0.528126
0.525196
0.525729
0.521224
0.513101
0.509473
0.513523
0.511159
0.51201
0.510203
0.512622
0.514493
0.512392
0.512968
0.514907
0.514652
0.51382
0.511971
0.50653
0.506346
0.505457
0.505539
0.503766
0.503476
0.49955
0.504544
0.507021
0.506281
0.504718
0.505199
0.507536
0.506762
0.508808
0.509158
0.508119
0.50536
0.504321
0.506282
0.505887
0.505484
0.502442
0.503098
0.504018
0.505097
0.505003
0.503466
0.501082
0.500024
0.50244
0.503968
0.506344
0.507907
0.505385
0.504497
0.498324
0.496883
0.496595
0.498187
0.50289
0.501417
0.501433
0.497635
0.502574
0.501957
0.49842
0.498669
0.499585
0.493727
0.489508
0.494802
0.494587
0.496704
0.495313
0.497302
0.490216
0.491278
0.491256
0.490717
0.4975
0.497027
0.49706
0.488747
0.493031
0.495594
0.492069
0.483917
0.485617
0.487034
0.487879
0.486599
0.484123
0.48494
0.485382
0.487244
0.485786
0.488795
0.486757
0.487619
0.488396
0.489893
0.488713
0.491037
0.491839
0.490893
0.492115
0.492978
0.492952
0.494866
0.497717
0.499896
0.498888
0.502571
0.505583
0.505164
0.493751
0.493102
0.493302
0.492697
0.49393
0.493562
0.492427
0.492623
0.494213
0.497262
0.486286
0.485191
0.483481
0.483109
0.482921
0.482251
0.483883
0.482996
0.483347
0.484188
0.484548
0.485299
0.482933
0.485515
0.483518
0.484332
0.484229
0.486105
0.486552
0.485755
0.484555
0.484118
0.483459
0.484777
0.487365
0.495707
0.493917
0.494617
0.485894
0.486913
0.484956
0.485832
0.482387
0.482882
0.485736
0.486456
0.486216
0.485211
0.483435
0.484115
0.483609
0.482838
0.484098
0.48429
0.483579
0.484535
0.483758
0.485605
0.489511
0.488551
0.487288
0.488271
0.487668
0.490546
0.490442
0.491162
0.489358
0.494156
0.49989
0.500961
0.498798
0.499173
0.500735
0.504153
0.500927
0.501122
0.510761
0.508917
0.507906
0.502838
0.498752
0.499188
0.499041
0.495055
0.498195
0.501918
0.501717
0.500888
0.509125
0.514376
0.516268
0.508456
0.509693
0.508916
0.507341
0.499767
0.500278
0.501327
0.502025
0.500373
0.49693
0.48698
0.488212
0.494514
0.501317
0.500189
0.500971
0.491482
0.491302
0.480263
0.479496
0.482595
0.481792
0.479966
0.479829
0.488306
0.489472
0.490692
0.48212
0.481642
0.455956
0.458349
0.461951
0.462779
0.461546
0.458968
0.453975
0.45656
0.457232
0.45635
0.456125
0.458915
0.462045
0.458792
0.457018
0.445007
0.446444
0.456186
0.467608
0.473001
0.459446
0.436973
0.425835
0.438477
0.438521
0.429479
0.407573
0.406377
0.396151
0.397048
0.37911
0.379751
0.368101
0.363624
0.35838
0.358701
0.351873
0.350413
0.347103
0.337634
0.337716
0.334951
0.312463
0.307992
0.318824
0.308564
0.318355
0.320926
0.321623
0.298532
0.282999
0.292249
0.309432
0.300762
0.299581
0.282762
0.287787
0.29166
0.295271
0.286675
0.287677
0.271086
0.269908
0.265675
0.25774
0.258386
0.252757
0.252835
0.251718
0.249359
0.264599
0.275286
0.272419
0.274869
0.254844
0.26729
0.250945
0.276651
0.282642
0.310367
0.293114
0.299076
0.290062
0.273625
0.260932
0.264952
0.259421
0.264076
0.278924
0.292202
0.338623
0.316618
0.320152
0.298542
0.329934
0.318836
0.313664
0.30375
0.318958
0.318626
0.333384
0.351708
0.372487
0.358256
0.342998
0.35407
0.342303
0.336185
0.31943
0.313578
0.326167
0.340097
0.360486
0.353253
0.352511
0.375595
0.399334
0.397591
0.373072
0.365908
0.375476
0.379014
0.401424
0.416998
0.444149
0.443408
0.429935
0.412543
0.415523
0.4332
0.442208
0.489399
0.515616
0.523191
0.496346
0.477564
0.486585
0.494644
0.4986
0.495589
0.46972
0.507806
0.488089
0.486356
0.465762
0.467471
0.480183
0.465207
0.450069
0.458413
0.463282
0.49639
0.48811
0.490552
0.505269
0.511755
0.531025
0.519647
0.53884
0.542295
0.549705
0.539358
0.534345
0.565337
0.565698
0.567076
0.567727
0.588867
0.595994
0.609395
0.634916
0.611507
0.585601
0.565485
0.578389
0.586571
0.59893
0.620286
0.620565
0.626124
0.606323
0.616136
0.622486
0.622373
0.611921
0.614844
0.623986
0.633214
0.65312
0.663227
0.667415
0.666992
0.652459
0.667512
0.681005
0.703856
0.707798
0.688522
0.69816
0.671436
0.69805
0.6751
0.685528
0.681825
0.694375
0.697176
0.69499
0.68173
0.688815
0.697117
0.687117
0.70647
0.705586
0.715672
0.674121
0.688706
0.696904
0.699307
0.679127
0.694601
0.688487
0.712526
0.714335
0.71405
0.690359
0.690772
0.701545
0.695888
0.677809
0.683714
0.675516
0.684883
0.676886
0.684013
0.692993
0.691254
0.702215
0.703055
0.70137
0.695975
0.675323
0.686376
0.673778
0.701791
0.719975
0.719961
0.702338
0.665357
0.684192
0.706682
0.677319
0.666197
0.674859
0.707173
0.694027
0.687253
0.68323
0.712778
0.713372
0.701177
0.661335
0.68132
0.677979
0.690919
0.702387
0.696034
0.685742
0.703089
0.71396
0.715781
0.721199
0.728197
0.732196
0.7078
0.693606
0.713584
0.69012
0.697582
0.681829
0.678678
0.671152
0.675122
0.659371
0.668261
0.648404
0.666973
0.660231
0.655479
0.627848
0.631029
0.619088
0.611999
0.631876
0.622409
0.60867
0.567962
0.564927
0.585661
0.61261
0.622759
0.629557
0.634039
0.673548
0.665756
0.686329
0.671801
0.684452
0.696921
0.692136
0.683203
0.665027
0.673009
0.685174
0.680283
0.685437
0.694708
0.715554
0.687095
0.679868
0.676315
0.66397
0.667457
0.646172
0.664255
0.660277
0.653756
0.668181
0.673498
0.692945
0.686352
0.710192
0.719281
0.74009
0.703913
0.695044
0.674645
0.679107
0.676267
0.676855
0.681289
0.672352
0.690309
0.681292
0.683621
0.693899
0.679634
0.67786
0.657945
0.66547
0.675397
0.656571
0.661485
0.655821
0.656429
0.64794
0.654197
0.656463
0.669413
0.66614
0.652844
0.62574
0.611784
0.619674
0.627084
0.630529
0.644104
0.618025
0.612274
0.60449
0.61207
0.601241
0.617824
0.614898
0.624047
0.617643
0.603965
0.584163
0.617832
0.623974
0.639203
0.638817
0.645006
0.643932
0.636135
0.624447
0.645556
0.644038
0.635722
0.626551
0.630425
0.637908
0.650658
0.651546
0.659097
0.669627
0.674351
0.657172
0.652383
0.656756
0.669245
0.678553
0.660603
0.65111
0.651826
0.637586
0.640326
0.654332
0.653964
0.655881
0.636648
0.628055
0.622681
0.610692
0.61793
0.61191
0.631089
0.628862
0.6405
0.649288
0.659714
0.669145
0.651212
0.658886
0.663713
0.695665
0.697629
0.684379
0.668484
0.667478
0.695405
0.704845
0.713849
0.704817
0.696526
0.706041
0.703068
0.712455
0.720612
0.716986
0.731375
0.721541
0.729401
0.729063
0.72066
0.729287
0.739621
0.743265
0.74933
0.731737
0.739604
0.729992
0.723901
0.69209
0.680219
0.691637
0.685278
0.680159
0.670138
0.656535
0.678103
0.657956
0.659985
0.65157
0.651668
0.642944
0.629614
0.633057
0.644958
0.652943
0.650226
0.645681
0.653571
0.670264
0.661789
0.65476
0.65044
0.652155
0.649425
0.645293
0.64959
0.634378
0.640226
0.631399
0.624381
0.617906
0.612801
0.612742
0.620841
0.613641
0.617798
0.624355
0.609675
0.613394
0.604074
0.610758
0.61193
0.618949
0.630231
0.623082
0.629744
0.638727
0.659705
0.659945
0.654843
0.640529
0.655745
0.653878
0.670494
0.664295
0.657567
0.664209
0.663697
0.682028
0.694806
0.711014
0.696008
0.705492
0.702224
0.705919
0.711755
0.697621
0.702451
0.696182
0.702676
0.711232
0.696809
0.702321
0.697783
0.717266
0.713435
0.702001
0.687158
0.684022
0.688261
0.682919
0.656935
0.65411
0.647275
0.649839
0.642147
0.653797
0.647743
0.653082
0.638045
0.644787
0.653545
0.647239
0.647561
0.640062
0.626412
0.634681
0.65228
0.666601
0.672717
0.671472
0.651747
0.642219
0.67027
0.683536
0.685933
0.658675
0.661372
0.653091
0.640064
0.634784
0.645643
0.662421
0.664137
0.669058
0.657616
0.659948
0.646902
0.644906
0.649295
0.64547
0.635646
0.64328
0.642696
0.652611
0.639381
0.657875
0.655047
0.645911
0.632506
0.621488
0.642521
0.629036
0.643085
0.652214
0.652
0.643112
0.652027
0.656589
0.644538
0.643612
0.638346
0.669069
0.670124
0.672429
0.653988
0.671956
0.670716
0.672336
0.669639
0.66116
0.655958
0.662327
0.667338
0.665089
0.660411
0.659451
0.659195
0.655823
0.658785
0.680327
0.687034
0.687524
0.684408
0.689712
0.691864
0.722728
0.725224
0.723765
0.713546
0.703118
0.718753
0.726223
0.726739
0.714377
0.721685
0.738389
0.733538
0.711587
0.705217
0.695888
0.703262
0.707477
0.707281
0.706003
0.709913
0.736943
0.725352
0.718941
0.705882
0.706543
0.698706
0.693256
0.704191
0.708935
0.723894
0.732717
0.726568
0.727244
0.717616
0.725455
0.715097
0.703054
0.716687
0.721993
0.720999
0.705891
0.715651
0.733884
0.730565
0.738102
0.726902
0.729871
0.724257
0.727543
0.731135
0.738968
0.746985
0.753643
0.733911
0.750956
0.769918
0.778649
0.77267
0.764799
0.771904
0.768021
0.765941
0.762214
0.771665
0.780984
0.783427
0.779849
0.797885
0.791617
0.791563
0.822654
0.80545
0.793944
0.790207
0.789002
0.789488
0.800044
0.807865
0.826064
0.810293
0.809287
0.800556
0.817657
0.802635
0.804852
0.78959
0.797629
0.788337
0.783412
0.804521
0.821021
0.823259
0.798239
0.793324
0.786901
0.794486
0.805236
0.805641
0.794474
0.806632
0.811585
0.828416
0.831787
0.824231
0.813792
0.788237
0.790119
0.792614
0.812694
0.808754
0.824849
0.829329
0.833304
0.826012
0.831259
0.811345
0.81742
0.816262
0.842261
0.81969
0.840789
0.808649
0.810793
0.807875
0.812281
0.819313
0.809674
0.817576
0.813477
0.830839
0.812129
0.791607
0.793394
0.787801
0.796062
0.792563
0.803677
0.826993
0.837192
0.822949
0.827267
0.8282
0.816925
0.818751
0.827457
0.828718
0.818255
0.83067
0.832804
0.840331
0.828414
0.844776
0.838738
0.837553
0.819335
0.850379
0.882674
0.859082
0.813577
0.808872
0.790366
0.797538
0.782662
0.770247
0.778583
0.800809
0.808435
0.813414
0.799639
0.797236
0.801399
0.801572
0.809875
0.793584
0.793047
0.798134
0.800849
0.810485
0.800916
0.817586
0.806398
0.803438
0.779765
0.794272
0.780182
0.781778
0.768687
0.780358
0.78267
0.803547
0.820554
0.835713
0.820275
0.814053
0.800262
0.792372
0.784453
0.783068
0.806336
0.798539
0.771051
0.768467
0.779936
0.797351
0.797254
0.79405
0.79022
0.802032
0.802455
0.779459
0.784433
0.774938
0.776635
0.791989
0.81148
0.821566
0.826705
0.820069
0.836605
0.846537
0.854032
0.818341
0.796012
0.794974
0.796167
0.813104
0.817923
0.852782
0.846343
0.856831
0.817079
0.828027
0.81249
0.817643
0.809966
0.789091
0.784004
0.781873
0.794599
0.816486
0.806745
0.818938
0.826402
0.830567
0.838765
0.832506
0.844424
0.809212
0.811865
0.812093
0.819194
0.819803
0.802782
0.79548
0.796397
0.804744
0.826528
0.817127
0.813291
0.794655
0.806364
0.814443
0.823941
0.794801
0.803595
0.794527
0.80068
0.788384
0.794254
0.813893
0.794413
0.790777
0.777208
0.776501
0.770632
0.805238
0.820125
0.809519
0.805153
0.803795
0.797433
0.795888
0.80615
0.824659
0.828333
0.810524
0.798858
0.81762
0.822875
0.829596
0.793106
0.792429
0.791074
0.789876
0.791578
0.796252
0.809004
0.804913
0.790699
0.758809
0.747159
0.752468
0.751614
0.740398
0.752556
0.747681
0.761989
0.762947
0.760419
0.751008
0.765883
0.77151
0.76907
0.75299
0.755139
0.75255
0.755868
0.736054
0.74338
0.751897
0.759138
0.75273
0.763202
0.758273
0.751094
0.776499
0.771602
0.786613
0.776993
0.780483
0.773141
0.778726
0.781535
0.758552
0.731495
0.740564
0.763229
0.778567
0.779616
0.778901
0.754577
0.743218
0.727102
0.728939
0.724052
0.730794
0.731516
0.743783
0.740545
0.741242
0.709505
0.706015
0.699953
0.707168
0.731874
0.727295
0.734827
0.730472
0.743021
0.727717
0.688496
0.680822
0.699893
0.702469
0.705259
0.711269
0.722604
0.729665
0.717772
0.717179
0.680722
0.670064
0.668391
0.668876
0.680031
0.674893
0.670975
0.671886
0.657767
0.67227
0.665904
0.669376
0.666321
0.661555
0.670397
0.66006
0.645558
0.633109
0.646218
0.653621
0.645986
0.656064
0.664786
0.677695
0.666275
0.649782
0.628615
0.625567
0.635266
0.631566
0.609917
0.596106
0.583622
0.567575
0.568286
0.578357
0.584717
0.607033
0.615025
0.607904
0.543518
0.552522
0.548917
0.545908
0.522498
0.522879
0.515722
0.523999
0.531105
0.529155
0.495166
0.484342
0.491355
0.477899
0.47606
0.471955
0.475967
0.47922
0.481466
0.479848
0.463043
0.466231
0.472808
0.474894
0.459678
0.449711
0.451834
0.459506
0.453151
0.456954
0.395895
0.401051
0.395654
0.403338
0.395338
0.390716
0.385116
0.393473
0.39855
0.396864
0.364155
0.371904
0.375824
0.379445
0.36272
0.36393
0.368519
0.378514
0.382453
0.3599
0.324647
0.330778
0.34016
0.336205
0.334022
0.330166
0.341801
0.330382
0.322228
0.319465
0.089631
0.188873
0.22234
0.223443
0.137154
0.267205
0.465454
0.465415
0.404984
0.306141
0.218304
0.221699
0.310291
0.308054
0.346157
0.265688
0.305697
0.345178
0.344885
0.347003
0.238098
0.243739
0.243201
0.307131
0.396406
0.399831
0.553492
0.528079
0.497786
0.381002
0.461999
0.466282
0.468995
0.46621
0.427178
0.43041
0.43585
0.43399
0.433142
0.433781
0.471516
0.474907
0.473464
0.466004
0.466519
0.469628
0.464767
0.464463
0.468313
0.465423
0.455457
0.456669
0.456682
0.461057
0.462824
0.466824
0.46629
0.470933
0.470708
0.471506
0.45466
0.455728
0.45842
0.457669
0.45915
0.46218
0.459812
0.461778
0.459676
0.464955
0.458098
0.45992
0.457904
0.457592
0.45671
0.457126
0.457753
0.459321
0.460909
0.461279
0.456827
0.458906
0.458545
0.460075
0.458378
0.460549
0.461348
0.464112
0.45984
0.461766
0.452764
0.453941
0.452674
0.454038
0.452023
0.452045
0.454051
0.454649
0.464055
0.462118
0.448378
0.454377
0.465168
0.46864
0.467646
0.457045
0.454208
0.455036
0.450726
0.452257
0.446682
0.446295
0.443787
0.442019
0.442259
0.441253
0.441867
0.445151
0.445881
0.443503
0.436024
0.437304
0.436147
0.434822
0.434021
0.434114
0.435098
0.435195
0.432954
0.432732
0.435055
0.433826
0.434117
0.434456
0.435791
0.436623
0.440403
0.441855
0.440207
0.443014
0.443845
0.446628
0.445427
0.441289
0.444458
0.445413
0.443639
0.439816
0.441158
0.444234
0.444398
0.452055
0.453817
0.454794
0.452895
0.451221
0.450551
0.457652
0.46357
0.467114
0.452916
0.448748
0.44479
0.444841
0.445464
0.447957
0.447624
0.448151
0.446912
0.443362
0.433712
0.435185
0.436969
0.437743
0.438258
0.436614
0.439028
0.43746
0.436674
0.441001
0.43476
0.437053
0.43618
0.43793
0.436054
0.437484
0.435787
0.438363
0.441048
0.440909
0.438829
0.441663
0.441218
0.43874
0.438063
0.437049
0.437498
0.439484
0.439026
0.436843
0.431659
0.430331
0.431299
0.432007
0.43268
0.43042
0.428169
0.428633
0.427585
0.42671
0.427713
0.428853
0.427812
0.423219
0.423909
0.424987
0.42431
0.426273
0.431654
0.432385
0.431702
0.430716
0.43246
0.431302
0.428394
0.428745
0.427377
0.427952
0.428499
0.427896
0.427788
0.426814
0.425867
0.427385
0.429852
0.429067
0.429681
0.438762
0.4388
0.437202
0.426694
0.426103
0.428523
0.428332
0.429043
0.436134
0.438332
0.43908
0.431205
0.42893
0.432581
0.43418
0.436066
0.433643
0.431625
0.431474
0.427273
0.426212
0.434232
0.433556
0.422837
0.426798
0.426866
0.42808
0.424919
0.426174
0.428115
0.432161
0.432129
0.431696
0.42818
0.430263
0.432289
0.434288
0.432676
0.432881
0.431526
0.431532
0.431001
0.434777
0.432602
0.431507
0.429435
0.429788
0.428561
0.427442
0.429977
0.428618
0.431078
0.442045
0.441568
0.44027
0.430836
0.429382
0.429283
0.429924
0.43288
0.432075
0.441758
0.455496
0.444952
0.44552
0.436
0.435892
0.436874
0.437681
0.44254
0.439522
0.440247
0.444707
0.43869
0.439991
0.441156
0.45104
0.448418
0.444441
0.439532
0.4417
0.442917
0.440898
0.443866
0.447277
0.450407
0.459309
0.456378
0.456832
0.447039
0.442653
0.444855
0.445147
0.451618
0.442357
0.440215
0.446053
0.457224
0.458409
0.454531
0.441638
0.441424
0.437607
0.434916
0.435058
0.435616
0.433874
0.4374
0.441761
0.432585
0.43316
0.43411
0.434011
0.427544
0.425821
0.407641
0.408318
0.410099
0.411536
0.410556
0.410608
0.41527
0.408646
0.412484
0.411005
0.411329
0.402458
0.400123
0.406037
0.394858
0.394417
0.393181
0.381763
0.381746
0.385233
0.393501
0.375227
0.372286
0.372967
0.373823
0.379214
0.380992
0.385465
0.396701
0.39949
0.39923
0.393333
0.398075
0.408666
0.397321
0.397103
0.388092
0.377719
0.377582
0.368778
0.372651
0.358027
0.353461
0.341917
0.343502
0.342464
0.334628
0.333379
0.324913
0.33057
0.313498
0.286738
0.294323
0.297936
0.302515
0.284474
0.286694
0.283582
0.291278
0.296608
0.2875
0.295286
0.297433
0.300579
0.313151
0.321679
0.328019
0.2897
0.298157
0.280293
0.287935
0.269019
0.282112
0.305813
0.317329
0.318347
0.30977
0.327818
0.314394
0.306988
0.28853
0.307432
0.307689
0.305693
0.319281
0.334041
0.344502
0.327951
0.336975
0.322247
0.323221
0.311798
0.30398
0.315484
0.324115
0.330359
0.318345
0.320083
0.345625
0.34065
0.358736
0.371761
0.385987
0.378842
0.376642
0.371526
0.383224
0.380847
0.383719
0.384864
0.370464
0.382945
0.371835
0.382774
0.365347
0.384825
0.396648
0.424407
0.418834
0.424967
0.400765
0.416115
0.403931
0.419807
0.430728
0.449481
0.434679
0.440225
0.457096
0.484292
0.499763
0.504107
0.501638
0.492079
0.50244
0.490776
0.521837
0.52879
0.543154
0.526751
0.488577
0.47944
0.484977
0.50191
0.486699
0.475341
0.460192
0.470839
0.471077
0.480552
0.492739
0.494728
0.491328
0.485558
0.492827
0.507212
0.524183
0.532763
0.55606
0.576771
0.583699
0.562995
0.550405
0.522951
0.511842
0.519371
0.554144
0.574094
0.58712
0.578697
0.565858
0.562955
0.567779
0.580642
0.594336
0.606063
0.617696
0.612705
0.610742
0.577214
0.605277
0.597796
0.615085
0.598989
0.593183
0.588805
0.586012
0.574963
0.583135
0.608849
0.619649
0.633652
0.611513
0.614025
0.624318
0.679791
0.703458
0.675631
0.645925
0.653971
0.685104
0.695617
0.68845
0.689554
0.736021
0.743099
0.746909
0.739933
0.728889
0.729678
0.711113
0.725502
0.72591
0.750629
0.758075
0.782379
0.7689
0.765161
0.737337
0.725377
0.722304
0.717886
0.745918
0.756803
0.758458
0.736366
0.737887
0.747744
0.743389
0.732901
0.720097
0.713416
0.725484
0.724543
0.735138
0.721665
0.719811
0.728775
0.73839
0.747988
0.720331
0.738613
0.743088
0.771478
0.773571
0.789095
0.77733
0.779127
0.730155
0.746099
0.74088
0.733586
0.716317
0.726182
0.716674
0.712725
0.697267
0.702879
0.717321
0.712972
0.700498
0.70154
0.701838
0.710688
0.705795
0.703212
0.709721
0.716632
0.702621
0.698148
0.706775
0.730136
0.742349
0.742658
0.725152
0.736589
0.740732
0.753232
0.735494
0.733224
0.743916
0.751159
0.749877
0.744556
0.716745
0.694166
0.694725
0.71389
0.693681
0.700192
0.682151
0.689369
0.672953
0.674276
0.676086
0.6922
0.683927
0.682388
0.658897
0.688493
0.677876
0.684088
0.675691
0.68168
0.67502
0.664325
0.68391
0.679034
0.698414
0.676025
0.666323
0.653814
0.635874
0.63036
0.61754
0.635571
0.64208
0.650417
0.63672
0.641145
0.648049
0.635
0.630121
0.637486
0.640369
0.6404
0.651176
0.669848
0.650919
0.643112
0.629098
0.629866
0.633601
0.617195
0.640517
0.637675
0.641928
0.628767
0.622483
0.622562
0.603134
0.597496
0.595994
0.615399
0.610034
0.588696
0.587726
0.585666
0.599028
0.599213
0.624457
0.643301
0.655768
0.636163
0.608159
0.583678
0.586151
0.588537
0.598267
0.586741
0.580436
0.578755
0.585214
0.590631
0.599656
0.598886
0.589548
0.577151
0.600819
0.596945
0.590393
0.594883
0.600529
0.618287
0.599135
0.598446
0.610035
0.620312
0.625609
0.606552
0.639964
0.626502
0.620903
0.610346
0.612872
0.6049
0.602335
0.595084
0.604811
0.609553
0.612759
0.613013
0.602368
0.581283
0.586726
0.593405
0.598836
0.589909
0.596493
0.607929
0.606419
0.603694
0.586054
0.587009
0.592429
0.605986
0.597208
0.608493
0.603614
0.591754
0.587339
0.582838
0.591364
0.594709
0.622474
0.620338
0.639398
0.637249
0.64942
0.670825
0.674167
0.684824
0.677134
0.654389
0.66232
0.647658
0.646776
0.646466
0.663377
0.666639
0.672228
0.647419
0.667841
0.681826
0.681049
0.668583
0.669092
0.68593
0.683015
0.676036
0.665093
0.661395
0.656529
0.672127
0.682958
0.709757
0.698058
0.698394
0.680295
0.678455
0.677487
0.684737
0.698654
0.686442
0.696741
0.68953
0.66928
0.679903
0.651183
0.655256
0.657856
0.66318
0.672961
0.681216
0.66803
0.665375
0.688499
0.671751
0.67822
0.673275
0.676351
0.671342
0.673185
0.685976
0.701355
0.71682
0.704187
0.699771
0.703631
0.70107
0.700107
0.66623
0.661875
0.645935
0.66079
0.676288
0.684664
0.684103
0.644071
0.647232
0.640853
0.652049
0.638933
0.632605
0.636076
0.631534
0.627982
0.626821
0.63045
0.640744
0.646669
0.63437
0.630565
0.636266
0.641695
0.625098
0.626798
0.615619
0.634861
0.64552
0.656427
0.651984
0.638929
0.632009
0.625431
0.65332
0.648698
0.655732
0.655796
0.65156
0.631973
0.638429
0.651286
0.650979
0.652432
0.654123
0.65603
0.671016
0.64607
0.654623
0.662275
0.663977
0.663252
0.657864
0.651985
0.63813
0.63496
0.630511
0.634905
0.633459
0.650198
0.654694
0.656583
0.651894
0.648521
0.65677
0.655984
0.656974
0.659739
0.672146
0.665562
0.650635
0.650896
0.661877
0.651707
0.640426
0.647842
0.639391
0.635755
0.641967
0.638562
0.645257
0.635029
0.631089
0.628041
0.63255
0.618829
0.61223
0.625564
0.620778
0.621547
0.621967
0.62306
0.632202
0.619871
0.630129
0.628602
0.617389
0.626733
0.629343
0.646325
0.640063
0.628765
0.628564
0.637229
0.63496
0.643971
0.65122
0.65798
0.656796
0.651982
0.647388
0.654939
0.660861
0.661356
0.665555
0.67586
0.683555
0.701838
0.70499
0.709593
0.707109
0.726013
0.725195
0.721232
0.734897
0.73197
0.730086
0.715367
0.71375
0.726675
0.731169
0.733927
0.725214
0.71956
0.718531
0.701464
0.702016
0.697147
0.693311
0.700919
0.686451
0.680465
0.699618
0.713727
0.715541
0.703178
0.715486
0.718116
0.70929
0.687804
0.693869
0.712847
0.728134
0.737075
0.741849
0.746608
0.758931
0.774906
0.76898
0.769076
0.762458
0.77603
0.779594
0.762239
0.771135
0.786808
0.791293
0.796167
0.815519
0.820493
0.811137
0.814519
0.803226
0.805059
0.807625
0.812822
0.823065
0.839395
0.837954
0.852738
0.84919
0.852996
0.853773
0.87247
0.864628
0.860191
0.835922
0.83971
0.829528
0.837544
0.848284
0.860743
0.855879
0.851109
0.856396
0.848459
0.842396
0.84715
0.835224
0.8517
0.858947
0.86475
0.853056
0.855012
0.865793
0.848162
0.85269
0.832447
0.838942
0.853464
0.856967
0.844316
0.840927
0.842531
0.857529
0.849398
0.846711
0.829103
0.813506
0.809954
0.813767
0.82833
0.816891
0.820308
0.806265
0.800646
0.78183
0.786228
0.794838
0.780636
0.792215
0.794047
0.790379
0.808048
0.817705
0.819799
0.806689
0.801823
0.833222
0.847886
0.837085
0.833861
0.828039
0.838973
0.850443
0.857879
0.861475
0.860239
0.870325
0.872253
0.853445
0.846209
0.865229
0.879911
0.868993
0.850063
0.846634
0.855726
0.850996
0.868309
0.859688
0.876071
0.863731
0.860851
0.871209
0.86349
0.867185
0.865966
0.876813
0.876468
0.858521
0.855569
0.844814
0.85531
0.854967
0.833642
0.837029
0.837306
0.849168
0.847592
0.836115
0.832644
0.837462
0.842464
0.836326
0.84488
0.833334
0.83134
0.830842
0.817451
0.808612
0.792059
0.789429
0.786854
0.802663
0.813664
0.810431
0.80106
0.807524
0.813612
0.829696
0.8494
0.832597
0.815109
0.798129
0.791102
0.820957
0.836917
0.850315
0.848885
0.83937
0.829092
0.823145
0.830572
0.82377
0.807762
0.837088
0.845737
0.849721
0.827835
0.819878
0.83911
0.840721
0.849894
0.842029
0.845222
0.852989
0.832754
0.837121
0.804378
0.815012
0.82673
0.836706
0.830485
0.794013
0.797492
0.78936
0.780226
0.816176
0.819871
0.829848
0.812608
0.817567
0.826765
0.815771
0.825902
0.840543
0.862982
0.84752
0.832807
0.827246
0.841592
0.833778
0.800347
0.793331
0.79055
0.801977
0.829688
0.82895
0.837908
0.832362
0.820818
0.854868
0.843465
0.85927
0.826594
0.82674
0.828353
0.830608
0.83963
0.834377
0.834185
0.822508
0.837341
0.832536
0.854841
0.849436
0.858373
0.815016
0.81047
0.803552
0.801048
0.788108
0.787617
0.791442
0.791758
0.778082
0.762535
0.757549
0.76817
0.772473
0.803672
0.797708
0.784465
0.770045
0.768316
0.777298
0.798272
0.796541
0.811602
0.808857
0.80159
0.818066
0.817593
0.82832
0.827434
0.826389
0.815924
0.816713
0.817604
0.830822
0.796955
0.802979
0.788082
0.797055
0.788057
0.770916
0.767132
0.767318
0.768701
0.764408
0.771978
0.788636
0.803373
0.819631
0.804196
0.80279
0.803602
0.82677
0.846126
0.838587
0.829099
0.820736
0.838815
0.848359
0.835934
0.829754
0.802653
0.808028
0.803294
0.816555
0.820552
0.832087
0.804468
0.796104
0.803607
0.809134
0.797095
0.783655
0.80811
0.801141
0.802831
0.781654
0.777302
0.769874
0.80435
0.801788
0.79095
0.773745
0.798776
0.7982
0.800331
0.768873
0.761837
0.776411
0.783163
0.771321
0.763899
0.763893
0.75372
0.745371
0.747433
0.756972
0.753097
0.76895
0.759221
0.748046
0.731845
0.721802
0.735166
0.763463
0.758764
0.736517
0.724248
0.731082
0.728817
0.721172
0.739287
0.754903
0.761225
0.738972
0.734748
0.738529
0.749505
0.733068
0.749656
0.760371
0.742109
0.723029
0.707441
0.702231
0.706189
0.701425
0.717438
0.716426
0.702904
0.701318
0.72392
0.740229
0.729367
0.695352
0.71022
0.71117
0.702238
0.696054
0.698793
0.698199
0.667723
0.677904
0.68471
0.702342
0.694294
0.719625
0.700909
0.709071
0.681706
0.678655
0.665011
0.691925
0.708693
0.700999
0.683706
0.654704
0.698204
0.677368
0.686303
0.651469
0.600469
0.601375
0.598349
0.611501
0.611908
0.618922
0.617884
0.590984
0.575001
0.559013
0.498936
0.507066
0.50945
0.522392
0.523868
0.521319
0.523693
0.518233
0.516171
0.504406
0.491023
0.499938
0.50779
0.5174
0.513834
0.506107
0.506216
0.528043
0.51021
0.527652
0.478456
0.481819
0.479779
0.468985
0.473563
0.476875
0.485076
0.478401
0.475761
0.469311
0.44276
0.443698
0.44238
0.439529
0.444851
0.445251
0.44146
0.438779
0.447928
0.440945
0.402658
0.404135
0.395319
0.401118
0.402352
0.390832
0.39748
0.394569
0.409955
0.409404
0.390354
0.383177
0.382442
0.375757
0.370159
0.365037
0.372641
0.369734
0.365619
0.359822
0.052493
0.057559
0.060829
0.065472
0.073672
0.080269
0.204927
0.210058
0.211136
0.125657
0.119793
0.250094
0.346469
0.35157
0.257014
0.283995
0.2826
0.402223
0.314406
0.31866
0.1924
0.19271
0.195941
0.296941
0.364718
0.362578
0.292953
0.289445
0.295408
0.298145
0.266154
0.269099
0.271617
0.272633
0.369517
0.336193
0.458772
0.335642
0.338357
0.220464
0.448559
0.459839
0.457185
0.455347
0.443794
0.44762
0.445525
0.446809
0.440314
0.444195
0.437611
0.438826
0.442857
0.445939
0.448205
0.444906
0.449456
0.450951
0.45299
0.454697
0.438613
0.437822
0.438689
0.436259
0.438106
0.439246
0.440575
0.440394
0.442009
0.435157
0.43349
0.433043
0.43493
0.428607
0.428938
0.42632
0.427544
0.432874
0.433733
0.436305
0.431959
0.439876
0.439343
0.44025
0.435677
0.434963
0.437489
0.437944
0.437946
0.440075
0.431606
0.432961
0.432497
0.435195
0.435347
0.434334
0.431336
0.428713
0.430804
0.432556
0.429428
0.428536
0.427101
0.430118
0.431007
0.435379
0.431516
0.433034
0.432266
0.433041
0.431447
0.432853
0.432202
0.427832
0.42514
0.42511
0.424182
0.427485
0.429673
0.431553
0.424255
0.423375
0.421685
0.419198
0.421155
0.422631
0.420156
0.41566
0.416178
0.418366
0.415935
0.412063
0.412215
0.412661
0.413418
0.413872
0.416487
0.417034
0.420266
0.416507
0.413709
0.414121
0.412811
0.411777
0.411987
0.41263
0.413762
0.414944
0.414469
0.418371
0.413978
0.417279
0.417969
0.421249
0.419931
0.421654
0.418588
0.418185
0.417709
0.419344
0.41969
0.420315
0.420755
0.420824
0.423571
0.424954
0.427195
0.426261
0.425577
0.422326
0.417224
0.412607
0.413521
0.413017
0.41784
0.417742
0.419727
0.420195
0.422378
0.420061
0.415051
0.424462
0.426089
0.424306
0.417651
0.415034
0.418129
0.416622
0.41447
0.413053
0.412423
0.415048
0.414451
0.416253
0.415696
0.414786
0.415386
0.415706
0.425605
0.428623
0.429742
0.419874
0.418274
0.413449
0.415478
0.413674
0.415058
0.414825
0.415343
0.414999
0.415908
0.416644
0.415822
0.416383
0.416429
0.41732
0.423543
0.425245
0.427584
0.418601
0.417348
0.418593
0.417341
0.418627
0.418643
0.420595
0.41923
0.4165
0.417786
0.417219
0.410791
0.41001
0.411175
0.409984
0.408222
0.412145
0.412123
0.410003
0.404585
0.404172
0.399265
0.399175
0.404198
0.405256
0.404404
0.404634
0.406651
0.407922
0.408634
0.406702
0.406083
0.409271
0.410366
0.410024
0.409302
0.410227
0.411478
0.410799
0.412535
0.412778
0.413627
0.412373
0.407803
0.404956
0.404446
0.40353
0.405601
0.404974
0.408935
0.408368
0.407369
0.40471
0.407389
0.40714
0.406046
0.40681
0.407387
0.406704
0.408085
0.408069
0.413087
0.410534
0.419488
0.414055
0.413736
0.409284
0.409477
0.409394
0.409237
0.411219
0.410538
0.410443
0.411311
0.414286
0.41467
0.416692
0.414772
0.414519
0.41293
0.414492
0.420459
0.420661
0.420335
0.429418
0.428785
0.433837
0.424008
0.423786
0.427507
0.421371
0.419085
0.419443
0.425284
0.432055
0.433476
0.433681
0.439279
0.438334
0.440397
0.43717
0.433893
0.432668
0.434883
0.436573
0.436162
0.438731
0.440066
0.444034
0.451438
0.452715
0.442646
0.443801
0.435913
0.434832
0.429297
0.436433
0.445021
0.447882
0.441379
0.438598
0.449276
0.446416
0.446156
0.430963
0.434757
0.436786
0.427056
0.418998
0.416909
0.416768
0.416884
0.41759
0.43598
0.43558
0.435053
0.418754
0.405347
0.413852
0.422075
0.421932
0.419338
0.412005
0.419659
0.423711
0.422092
0.438697
0.44811
0.473063
0.458641
0.470524
0.467759
0.475223
0.469184
0.467965
0.457587
0.460512
0.447002
0.45107
0.452905
0.468061
0.449145
0.434271
0.445583
0.444929
0.442526
0.430417
0.443676
0.447289
0.435883
0.40782
0.407798
0.402984
0.398407
0.395985
0.407506
0.392631
0.395402
0.390222
0.386673
0.379312
0.385552
0.389218
0.387315
0.409176
0.413807
0.409795
0.410705
0.436742
0.426947
0.453831
0.428876
0.422765
0.400947
0.39353
0.389773
0.422771
0.450841
0.476623
0.465578
0.430466
0.44724
0.436125
0.450363
0.455976
0.466357
0.470235
0.480722
0.480707
0.478406
0.489674
0.492325
0.500884
0.497831
0.501969
0.50165
0.513242
0.522545
0.531798
0.55425
0.547107
0.511415
0.485808
0.513688
0.533128
0.543274
0.531064
0.519331
0.537847
0.553513
0.567309
0.598851
0.598581
0.567845
0.526582
0.52762
0.540295
0.569875
0.600414
0.624422
0.611819
0.552381
0.562626
0.578173
0.587736
0.571571
0.569194
0.584211
0.571956
0.596885
0.577092
0.581261
0.555326
0.572518
0.570734
0.575371
0.570402
0.541884
0.545959
0.57895
0.597677
0.589735
0.562216
0.542213
0.551286
0.544884
0.545993
0.56423
0.595993
0.594793
0.618302
0.624847
0.632111
0.601972
0.578172
0.589277
0.607142
0.611011
0.619197
0.628592
0.615135
0.588783
0.584606
0.586386
0.56243
0.574393
0.58109
0.598817
0.586613
0.587955
0.575105
0.554676
0.529252
0.541069
0.540048
0.544436
0.528362
0.541103
0.56237
0.580379
0.574446
0.523489
0.525189
0.517506
0.518982
0.497699
0.496658
0.495144
0.517058
0.528743
0.53659
0.497376
0.505437
0.49344
0.486646
0.489811
0.492227
0.490356
0.493129
0.484158
0.472673
0.498088
0.542752
0.560337
0.541206
0.526743
0.530061
0.536587
0.523231
0.510076
0.515806
0.528359
0.540335
0.537523
0.536905
0.521361
0.528622
0.546289
0.557127
0.54565
0.544912
0.541547
0.555081
0.558848
0.554286
0.556127
0.576937
0.553273
0.566435
0.552732
0.54767
0.537383
0.53698
0.572677
0.553609
0.550413
0.554328
0.538341
0.539412
0.546683
0.555369
0.529343
0.515009
0.515491
0.537243
0.522614
0.518631
0.502051
0.511376
0.511511
0.518388
0.493946
0.503789
0.534334
0.534195
0.52696
0.515116
0.539093
0.529036
0.537977
0.538432
0.526522
0.511206
0.513728
0.494498
0.491898
0.499774
0.484021
0.493984
0.507654
0.497931
0.5062
0.507754
0.508963
0.494565
0.501511
0.511098
0.505511
0.495743
0.503664
0.511286
0.489256
0.482324
0.475894
0.471742
0.474431
0.485696
0.488459
0.49265
0.505506
0.489305
0.467965
0.459851
0.487561
0.485568
0.474638
0.448479
0.44954
0.454789
0.455865
0.44551
0.433836
0.422494
0.419551
0.420393
0.429418
0.444592
0.447593
0.434427
0.434979
0.436813
0.418237
0.416427
0.412267
0.409658
0.415728
0.439949
0.437152
0.420077
0.412756
0.416835
0.420836
0.427401
0.427145
0.431067
0.425621
0.427486
0.431646
0.433651
0.421641
0.442163
0.444408
0.44382
0.440522
0.433076
0.424602
0.411482
0.404268
0.390309
0.389987
0.391058
0.391042
0.399113
0.401216
0.392248
0.396273
0.402942
0.400311
0.396823
0.401221
0.399788
0.418066
0.41005
0.413628
0.398029
0.408623
0.414937
0.416543
0.421335
0.437841
0.437057
0.463939
0.465736
0.462895
0.434717
0.433575
0.431291
0.433522
0.429762
0.437059
0.443465
0.432231
0.42689
0.433364
0.430199
0.425819
0.426547
0.431518
0.432576
0.424641
0.424548
0.444767
0.440937
0.435265
0.430718
0.439894
0.454258
0.442954
0.443486
0.430231
0.431444
0.44784
0.435911
0.432047
0.421248
0.420167
0.417894
0.419349
0.416423
0.43114
0.419708
0.40877
0.427239
0.425762
0.432186
0.439365
0.453782
0.464561
0.469448
0.457374
0.459206
0.469808
0.470708
0.478189
0.472391
0.464072
0.466808
0.468233
0.456125
0.452913
0.448426
0.462855
0.473944
0.491952
0.470525
0.449538
0.436471
0.442795
0.449469
0.441149
0.434101
0.443922
0.446472
0.452246
0.445588
0.44392
0.447001
0.461861
0.471033
0.471353
0.480647
0.455225
0.453719
0.447439
0.452761
0.46184
0.476122
0.477382
0.488884
0.48496
0.472506
0.486232
0.478395
0.474091
0.45983
0.457165
0.462432
0.461125
0.464822
0.453149
0.437791
0.420734
0.411468
0.414405
0.421472
0.430081
0.432599
0.442987
0.441104
0.448033
0.431098
0.422012
0.430021
0.431825
0.450953
0.4608
0.472892
0.470318
0.465148
0.462204
0.458268
0.465328
0.478552
0.479056
0.478426
0.473032
0.468837
0.474004
0.480094
0.477841
0.479312
0.469306
0.460762
0.458671
0.449926
0.454439
0.45675
0.466802
0.465841
0.463321
0.471959
0.47194
0.479546
0.477898
0.478221
0.472901
0.485082
0.488198
0.496741
0.492879
0.494366
0.487009
0.494691
0.510961
0.515004
0.523642
0.536267
0.541834
0.524814
0.523815
0.518367
0.520916
0.510882
0.514047
0.503595
0.498215
0.488084
0.487272
0.481465
0.485955
0.484345
0.477195
0.476304
0.466457
0.462854
0.467216
0.481819
0.486401
0.490652
0.49959
0.509823
0.503125
0.493047
0.492195
0.494276
0.486267
0.478915
0.483147
0.493677
0.484486
0.475643
0.469252
0.469913
0.476416
0.468355
0.465529
0.469679
0.456043
0.471275
0.471953
0.471204
0.444807
0.450676
0.450023
0.457524
0.461257
0.468525
0.47279
0.471262
0.476185
0.467013
0.472268
0.47905
0.489505
0.493497
0.511076
0.505124
0.509334
0.507745
0.508012
0.517109
0.52856
0.51777
0.515149
0.50056
0.49739
0.492524
0.496771
0.503179
0.496516
0.491481
0.518036
0.506395
0.508276
0.50497
0.511114
0.514868
0.514561
0.522676
0.521932
0.527791
0.5297
0.538277
0.54117
0.547692
0.556576
0.562621
0.556919
0.5547
0.558944
0.556099
0.568046
0.568833
0.567164
0.563287
0.56641
0.560734
0.555151
0.565318
0.575667
0.576479
0.577778
0.590656
0.601123
0.609282
0.597448
0.588205
0.607021
0.590502
0.608957
0.599414
0.614094
0.609359
0.610951
0.619124
0.610598
0.625382
0.6314
0.601255
0.607666
0.598904
0.614127
0.61303
0.625669
0.62625
0.63812
0.65209
0.647948
0.632339
0.633305
0.632472
0.63085
0.642831
0.643597
0.655486
0.660015
0.684327
0.691798
0.713503
0.691075
0.673853
0.685251
0.684415
0.689552
0.683552
0.678194
0.667925
0.677426
0.674832
0.669064
0.682742
0.691606
0.682947
0.709926
0.723432
0.731941
0.70994
0.706877
0.698115
0.713648
0.711411
0.723979
0.726457
0.748176
0.763972
0.763615
0.752821
0.742298
0.726497
0.739103
0.718021
0.69615
0.689554
0.698069
0.698445
0.707769
0.737966
0.74796
0.744594
0.732713
0.729064
0.742879
0.75912
0.796119
0.797196
0.80502
0.765544
0.775331
0.763272
0.777093
0.766318
0.808801
0.815336
0.828025
0.837598
0.810508
0.79927
0.795835
0.814825
0.816157
0.820875
0.816844
0.806276
0.809947
0.814533
0.804976
0.825362
0.842206
0.870413
0.870209
0.857062
0.847599
0.843732
0.835794
0.818306
0.816189
0.825062
0.826367
0.816406
0.809341
0.803199
0.838855
0.83681
0.813455
0.802311
0.818217
0.820485
0.817852
0.812467
0.808425
0.809305
0.802891
0.804037
0.825408
0.844523
0.842247
0.866562
0.870147
0.872724
0.854753
0.843291
0.856323
0.869085
0.877464
0.863739
0.860182
0.862407
0.877122
0.890445
0.907367
0.906593
0.8611
0.843549
0.840464
0.849186
0.866102
0.885701
0.891695
0.871952
0.882075
0.880024
0.873449
0.862948
0.872594
0.868725
0.866495
0.853846
0.852919
0.855565
0.862095
0.856889
0.866685
0.873513
0.883641
0.875416
0.855853
0.844716
0.820629
0.832517
0.841056
0.849819
0.844508
0.832413
0.834379
0.850823
0.861476
0.857215
0.841701
0.870651
0.898715
0.920942
0.924048
0.88119
0.887557
0.8832
0.903338
0.916178
0.90148
0.888666
0.872758
0.865691
0.862684
0.848399
0.850112
0.839559
0.842759
0.834202
0.842602
0.843538
0.840246
0.839021
0.840876
0.821433
0.841962
0.840261
0.822437
0.802889
0.799846
0.806236
0.804579
0.825694
0.807609
0.827064
0.83751
0.826121
0.838174
0.832884
0.82593
0.813615
0.81723
0.828495
0.831923
0.815005
0.831013
0.826287
0.829144
0.8093
0.819046
0.833325
0.856059
0.858853
0.874006
0.880073
0.856693
0.830572
0.799465
0.827067
0.814359
0.8287
0.811209
0.836257
0.834042
0.844491
0.829266
0.836175
0.823501
0.826631
0.824692
0.834775
0.82937
0.843223
0.843163
0.846565
0.85302
0.861672
0.860177
0.875729
0.865238
0.859694
0.843814
0.829142
0.842213
0.8383
0.82769
0.811795
0.795661
0.794043
0.795614
0.809276
0.810631
0.805724
0.791123
0.771614
0.772811
0.776144
0.787728
0.774057
0.770854
0.769301
0.760743
0.766686
0.75134
0.758007
0.790056
0.788328
0.799619
0.769011
0.790127
0.790661
0.79326
0.774575
0.788831
0.78802
0.791795
0.771026
0.774278
0.787812
0.79341
0.798108
0.812234
0.81173
0.81044
0.802646
0.804133
0.811074
0.819079
0.822904
0.813637
0.794674
0.791216
0.817744
0.836703
0.842594
0.821421
0.821352
0.818614
0.824903
0.832675
0.823907
0.813722
0.807939
0.802386
0.802702
0.802602
0.812703
0.833455
0.820661
0.829666
0.825186
0.830096
0.828926
0.823761
0.827111
0.834744
0.825783
0.837767
0.84069
0.842276
0.842009
0.835712
0.827825
0.790097
0.794654
0.786312
0.790999
0.778444
0.783246
0.797858
0.804271
0.811494
0.787234
0.785643
0.785563
0.792536
0.774863
0.771603
0.764103
0.772108
0.787775
0.795791
0.790867
0.788766
0.781265
0.769203
0.756423
0.77423
0.787687
0.776925
0.776155
0.757062
0.771175
0.738508
0.756276
0.756603
0.761119
0.738373
0.73035
0.721402
0.730428
0.758703
0.755533
0.723959
0.708973
0.713774
0.739536
0.746409
0.760793
0.737604
0.751507
0.755839
0.75562
0.70113
0.701938
0.718318
0.70995
0.691325
0.672819
0.689699
0.680128
0.672913
0.65538
0.623703
0.622662
0.617457
0.611019
0.618058
0.636092
0.626709
0.615856
0.601057
0.599382
0.536699
0.537888
0.537038
0.534597
0.531438
0.532061
0.537831
0.543595
0.560749
0.565922
0.488943
0.500447
0.497077
0.500555
0.501573
0.501197
0.495707
0.511717
0.504343
0.510604
0.450401
0.463427
0.477381
0.503582
0.500826
0.499934
0.471057
0.456862
0.442685
0.436144
0.404759
0.40249
0.403167
0.412203
0.394213
0.394775
0.408509
0.424069
0.430536
0.411195
0.366554
0.366094
0.350613
0.345873
0.345087
0.341398
0.345637
0.33941
0.342213
0.341561
0.302605
0.298006
0.29689
0.294288
0.292527
0.295461
0.288252
0.29066
0.293664
0.292729
0.084929
0.089982
0.094887
0.134506
0.135158
0.236602
0.351792
0.358147
0.267327
0.210539
0.180163
0.177929
0.180836
0.187109
0.193018
0.217467
0.225911
0.225492
0.256042
0.253682
0.220503
0.223983
0.224495
0.19646
0.226554
0.231762
0.235479
0.239739
0.27391
0.276756
0.304096
0.336557
0.373231
0.374652
0.375607
0.408473
0.405912
0.410279
0.378236
0.383445
0.401633
0.406221
0.407374
0.405468
0.398137
0.397011
0.405815
0.409562
0.427178
0.423689
0.41986
0.410052
0.410021
0.395535
0.394882
0.389402
0.390734
0.390895
0.397743
0.405509
0.376779
0.376848
0.374962
0.375985
0.375372
0.379346
0.38118
0.382075
0.381927
0.383425
0.384745
0.387049
0.386974
0.383149
0.385397
0.38379
0.386487
0.38186
0.384888
0.386137
0.378902
0.379306
0.379479
0.379532
0.385485
0.391082
0.399371
0.394593
0.3892
0.38321
0.381036
0.39112
0.391968
0.395502
0.387333
0.392397
0.390239
0.392103
0.389059
0.39096
0.390358
0.39153
0.391936
0.392252
0.39211
0.393255
0.393782
0.393291
0.388995
0.389236
0.379497
0.379549
0.380666
0.384415
0.385184
0.391546
0.387332
0.387567
0.385758
0.38519
0.380311
0.378653
0.376144
0.37491
0.37654
0.377693
0.379434
0.379223
0.377399
0.379637
0.369437
0.36974
0.368262
0.364913
0.365159
0.36445
0.363108
0.368057
0.368157
0.369029
0.369152
0.369374
0.370542
0.371291
0.372986
0.375141
0.374236
0.371843
0.374805
0.375458
0.379179
0.378011
0.379022
0.375597
0.375491
0.37208
0.372295
0.368488
0.369681
0.369619
0.365822
0.365475
0.364533
0.363
0.360572
0.362171
0.362372
0.363732
0.365603
0.367401
0.367801
0.367729
0.367581
0.367202
0.367257
0.367612
0.368267
0.368904
0.36879
0.369585
0.367616
0.369914
0.367225
0.370176
0.368772
0.367785
0.367493
0.366967
0.366653
0.366926
0.364931
0.366993
0.3676
0.36698
0.362741
0.363662
0.3654
0.368918
0.368589
0.368882
0.364277
0.364511
0.364893
0.365277
0.365464
0.365938
0.366122
0.369126
0.369177
0.368395
0.367318
0.367306
0.364196
0.36339
0.364182
0.36475
0.364866
0.365707
0.367889
0.368796
0.367223
0.367564
0.367528
0.366859
0.374911
0.37555
0.376416
0.37227
0.37158
0.371435
0.364685
0.36581
0.365226
0.362402
0.363928
0.365404
0.362918
0.362573
0.3625
0.363601
0.360602
0.361315
0.36504
0.364494
0.36391
0.36426
0.364445
0.365194
0.364512
0.365597
0.367621
0.371391
0.372211
0.370262
0.371477
0.380444
0.37992
0.378542
0.373172
0.37211
0.36965
0.369706
0.371229
0.371051
0.37182
0.369108
0.369
0.368429
0.377044
0.377955
0.374688
0.368197
0.368578
0.369027
0.368519
0.367253
0.367798
0.368725
0.368246
0.368327
0.363733
0.363705
0.364172
0.365141
0.364559
0.364863
0.366988
0.365735
0.369187
0.367842
0.36838
0.37808
0.37756
0.377837
0.368386
0.368734
0.369266
0.367217
0.368549
0.367656
0.366043
0.369695
0.372517
0.372335
0.37513
0.378141
0.382922
0.384842
0.386036
0.382133
0.376179
0.376819
0.37592
0.377661
0.377278
0.380505
0.38022
0.382348
0.376728
0.378742
0.375759
0.379957
0.378281
0.380081
0.378698
0.378979
0.378317
0.374318
0.371912
0.369211
0.375761
0.379203
0.379767
0.37311
0.374322
0.376194
0.375222
0.382613
0.382376
0.385173
0.383943
0.389417
0.390734
0.39162
0.400212
0.400527
0.397584
0.392038
0.40411
0.412613
0.420538
0.412958
0.405414
0.399498
0.395723
0.392067
0.38941
0.386814
0.387205
0.392698
0.3986
0.400208
0.405734
0.409634
0.425248
0.432774
0.440353
0.421298
0.414959
0.409744
0.424724
0.44012
0.445989
0.444247
0.44093
0.444037
0.447893
0.443335
0.465571
0.465789
0.471624
0.453322
0.471766
0.464712
0.476613
0.460718
0.459825
0.456384
0.464957
0.476554
0.484099
0.464845
0.451804
0.431628
0.428483
0.418935
0.413446
0.399669
0.409931
0.422537
0.409457
0.379193
0.375677
0.377051
0.393908
0.408491
0.410764
0.412624
0.410056
0.41055
0.419705
0.417361
0.419538
0.417966
0.415031
0.417757
0.442955
0.43987
0.453159
0.425787
0.444247
0.441871
0.47447
0.508605
0.504326
0.514099
0.505078
0.524896
0.513852
0.514412
0.494556
0.50419
0.500547
0.490345
0.500669
0.522109
0.544519
0.538302
0.535195
0.523476
0.526815
0.529628
0.530683
0.524385
0.543011
0.537718
0.542494
0.539883
0.56101
0.546835
0.532078
0.515721
0.5525
0.568725
0.565729
0.579352
0.579739
0.58706
0.581636
0.59175
0.55881
0.556525
0.541412
0.573111
0.574841
0.588606
0.565527
0.562636
0.553346
0.547173
0.535992
0.538878
0.535447
0.540058
0.545811
0.561093
0.562996
0.569055
0.535713
0.573632
0.560217
0.562052
0.536311
0.533663
0.534618
0.568801
0.581225
0.608843
0.608595
0.634002
0.591472
0.574656
0.581012
0.58778
0.638144
0.626897
0.617932
0.5842
0.58148
0.568184
0.533556
0.541483
0.551039
0.573536
0.568682
0.587411
0.572579
0.595991
0.597384
0.587964
0.523546
0.522597
0.537777
0.543629
0.540075
0.537988
0.555537
0.56206
0.573996
0.576357
0.514042
0.520457
0.521345
0.537815
0.547217
0.554045
0.579502
0.564406
0.54352
0.535464
0.523629
0.573421
0.579572
0.570938
0.530821
0.506173
0.493126
0.507429
0.514065
0.519888
0.499276
0.518701
0.512257
0.518321
0.507436
0.512962
0.534924
0.533155
0.529939
0.528374
0.529264
0.536906
0.530084
0.526329
0.519433
0.51426
0.515151
0.509011
0.523451
0.498097
0.510785
0.49978
0.510912
0.50844
0.529353
0.519616
0.529271
0.530081
0.548253
0.548413
0.525698
0.537317
0.536454
0.55737
0.559095
0.593156
0.580483
0.596297
0.555485
0.54814
0.528816
0.541876
0.528592
0.532746
0.526078
0.518744
0.523996
0.52351
0.542773
0.548957
0.531712
0.523142
0.507906
0.530191
0.520077
0.517981
0.496455
0.480186
0.478448
0.482056
0.473261
0.490397
0.524009
0.535163
0.523373
0.513662
0.528187
0.513125
0.500382
0.495021
0.490893
0.502799
0.502558
0.504632
0.507052
0.499663
0.50199
0.500452
0.49356
0.507045
0.508645
0.506899
0.510654
0.521701
0.527302
0.517553
0.515985
0.502329
0.49452
0.471974
0.451227
0.448677
0.449714
0.44294
0.456344
0.457929
0.465679
0.453342
0.474896
0.484392
0.499185
0.472686
0.456358
0.44547
0.451514
0.443035
0.451735
0.445356
0.467987
0.468043
0.478112
0.485035
0.501885
0.508126
0.509793
0.519829
0.495911
0.49785
0.502598
0.509062
0.508256
0.496558
0.502005
0.496989
0.494037
0.49252
0.474881
0.476203
0.472679
0.487602
0.491816
0.48839
0.465566
0.4658
0.480007
0.476781
0.462568
0.461661
0.451289
0.475349
0.485124
0.504171
0.513583
0.520752
0.523053
0.511312
0.508467
0.494533
0.49532
0.498783
0.478805
0.46469
0.458386
0.483344
0.486004
0.502899
0.491955
0.50214
0.493779
0.465973
0.44237
0.436217
0.453396
0.454572
0.460031
0.455664
0.453448
0.459194
0.47628
0.472199
0.466245
0.447845
0.460298
0.4536
0.451714
0.445092
0.457677
0.46585
0.461782
0.473258
0.471685
0.472705
0.475185
0.473977
0.481604
0.484748
0.485235
0.488184
0.496254
0.487373
0.47702
0.470102
0.464725
0.457135
0.449329
0.444514
0.454168
0.449352
0.448545
0.457003
0.477168
0.473452
0.468396
0.43739
0.429618
0.426428
0.438366
0.453251
0.445924
0.440819
0.441526
0.436401
0.44012
0.444205
0.436985
0.435943
0.441216
0.444834
0.468986
0.454763
0.474115
0.444631
0.423992
0.407863
0.418082
0.426168
0.426306
0.425155
0.437532
0.444771
0.466145
0.462104
0.475159
0.472845
0.474488
0.471093
0.475082
0.488755
0.492837
0.509884
0.49271
0.485784
0.505117
0.498012
0.515407
0.516953
0.520649
0.505063
0.5189
0.521116
0.52068
0.523853
0.526255
0.518457
0.529833
0.524666
0.534461
0.514767
0.511829
0.522499
0.532246
0.559259
0.544489
0.552741
0.53169
0.546223
0.533765
0.530624
0.519099
0.508728
0.508019
0.503147
0.515233
0.523173
0.522691
0.523796
0.528364
0.511992
0.512359
0.522994
0.531599
0.534762
0.525061
0.527181
0.532965
0.540825
0.533534
0.537185
0.54555
0.544253
0.549917
0.545778
0.544323
0.533476
0.526124
0.523885
0.535567
0.53603
0.540374
0.525635
0.522689
0.518447
0.504987
0.507662
0.505016
0.513087
0.500856
0.504894
0.51352
0.514817
0.520813
0.514811
0.514027
0.526135
0.533174
0.528348
0.528746
0.511665
0.503979
0.503321
0.511031
0.506899
0.514301
0.518417
0.52397
0.516395
0.501973
0.499872
0.514749
0.518518
0.505883
0.496129
0.479194
0.475821
0.462377
0.466707
0.468197
0.47697
0.486171
0.479286
0.464832
0.483597
0.485352
0.491074
0.487806
0.492078
0.491311
0.500598
0.499094
0.491114
0.48053
0.485886
0.481972
0.49453
0.492219
0.486176
0.480493
0.47191
0.480528
0.492429
0.482083
0.470844
0.496776
0.487621
0.496057
0.482791
0.49235
0.486494
0.491507
0.497128
0.488905
0.482659
0.478681
0.476712
0.481743
0.487763
0.49768
0.495187
0.481614
0.476106
0.473362
0.476039
0.476422
0.482475
0.502677
0.502079
0.509446
0.500271
0.493936
0.486995
0.513648
0.520657
0.52576
0.523436
0.526575
0.525188
0.526061
0.52612
0.537804
0.54239
0.54629
0.546443
0.532355
0.539617
0.550477
0.552442
0.549624
0.562423
0.559479
0.554461
0.561775
0.565255
0.558235
0.555627
0.547828
0.557753
0.560139
0.558806
0.561038
0.556848
0.574029
0.570113
0.574355
0.577265
0.567883
0.561809
0.550362
0.563227
0.579361
0.596209
0.568934
0.580165
0.572556
0.566261
0.566876
0.592177
0.580886
0.5924
0.589875
0.589114
0.594574
0.620418
0.608194
0.612426
0.614085
0.62087
0.629463
0.648659
0.644783
0.668654
0.670384
0.681482
0.674969
0.6635
0.669184
0.667881
0.686734
0.662545
0.641233
0.648993
0.649405
0.645681
0.657804
0.636045
0.630416
0.608032
0.615858
0.615545
0.623542
0.616342
0.613513
0.615256
0.618865
0.631871
0.650468
0.674554
0.668503
0.655936
0.658284
0.661775
0.680831
0.666197
0.67657
0.685492
0.68817
0.711155
0.708651
0.716459
0.701581
0.708246
0.698348
0.720591
0.71162
0.716843
0.715309
0.706458
0.712444
0.733005
0.74294
0.761568
0.748849
0.752134
0.758999
0.749834
0.73281
0.742934
0.755328
0.755316
0.756501
0.748679
0.769285
0.778919
0.755096
0.756622
0.758225
0.7542
0.751428
0.743051
0.751247
0.753844
0.777502
0.788534
0.796407
0.794321
0.809773
0.816742
0.805363
0.811916
0.818861
0.837788
0.857823
0.858986
0.865419
0.857088
0.869987
0.874912
0.883879
0.866973
0.858828
0.853618
0.861536
0.855666
0.875841
0.869195
0.854577
0.852892
0.857961
0.855636
0.840169
0.83958
0.824199
0.828136
0.821039
0.829966
0.828371
0.840925
0.830176
0.825783
0.83113
0.841985
0.851145
0.847559
0.835993
0.84356
0.833345
0.852644
0.866378
0.862932
0.882292
0.873005
0.855385
0.867122
0.852042
0.870047
0.877067
0.876063
0.877522
0.874414
0.860682
0.876364
0.86274
0.870203
0.85856
0.87286
0.871043
0.855766
0.828381
0.845704
0.857861
0.853362
0.851827
0.84536
0.866178
0.861161
0.835926
0.838995
0.83119
0.840173
0.821137
0.804188
0.811162
0.80861
0.822914
0.787539
0.781428
0.787928
0.805614
0.807818
0.804787
0.83608
0.854547
0.888543
0.896403
0.885592
0.877488
0.8638
0.894168
0.898171
0.912469
0.928941
0.915545
0.91658
0.898288
0.899395
0.87763
0.867904
0.852828
0.871204
0.8751
0.888527
0.877976
0.866436
0.845896
0.849545
0.847596
0.834123
0.839401
0.859101
0.86422
0.84181
0.846853
0.852614
0.871061
0.874722
0.862431
0.864466
0.88222
0.90854
0.906201
0.899104
0.91075
0.904973
0.89831
0.882978
0.876241
0.895365
0.906639
0.889884
0.876867
0.877016
0.869645
0.850021
0.846967
0.837973
0.837039
0.846711
0.870423
0.867545
0.862193
0.852299
0.846425
0.858645
0.835498
0.857974
0.869312
0.856038
0.84215
0.833164
0.848057
0.853163
0.854284
0.861632
0.861552
0.863924
0.868656
0.870886
0.87692
0.880302
0.898897
0.902311
0.92921
0.908742
0.883627
0.884063
0.884989
0.892161
0.890349
0.887212
0.895993
0.887628
0.900434
0.905356
0.899265
0.870465
0.856105
0.841073
0.844501
0.840292
0.85004
0.85538
0.865073
0.845189
0.86145
0.840926
0.834627
0.837238
0.83975
0.824447
0.810207
0.819372
0.8332
0.834384
0.846782
0.851186
0.835402
0.838882
0.83366
0.840969
0.827939
0.829861
0.821088
0.818426
0.825515
0.824775
0.835389
0.817417
0.813772
0.808383
0.814832
0.822825
0.818207
0.816472
0.812014
0.818445
0.836448
0.832183
0.826281
0.812703
0.821939
0.813939
0.813395
0.817715
0.823124
0.818675
0.807736
0.799838
0.806056
0.816294
0.841496
0.824434
0.804202
0.80793
0.798748
0.810423
0.801596
0.821765
0.826471
0.813183
0.810044
0.798938
0.781922
0.792636
0.797372
0.784476
0.796858
0.799859
0.808734
0.789048
0.772001
0.777389
0.732563
0.733497
0.725982
0.730791
0.761591
0.763198
0.795305
0.783014
0.77409
0.738847
0.741803
0.739786
0.750492
0.740095
0.747369
0.755709
0.75873
0.767841
0.757981
0.756003
0.736394
0.73401
0.713225
0.716819
0.727185
0.737766
0.737033
0.732136
0.721548
0.72972
0.710991
0.698562
0.685753
0.678119
0.671187
0.688207
0.682865
0.685837
0.665469
0.667655
0.628979
0.635875
0.628015
0.638852
0.642484
0.654209
0.642885
0.645945
0.640281
0.638343
0.592675
0.58157
0.582821
0.594017
0.603434
0.611614
0.581182
0.583826
0.592158
0.600002
0.55435
0.555149
0.572609
0.574325
0.57155
0.565336
0.560078
0.542337
0.529448
0.517378
0.477559
0.483169
0.489875
0.48408
0.483544
0.47205
0.475496
0.475662
0.476374
0.475419
0.415965
0.412105
0.406497
0.41005
0.426706
0.433662
0.425474
0.407626
0.397642
0.398774
0.362304
0.373543
0.383628
0.381282
0.382292
0.377379
0.368928
0.367717
0.362642
0.364331
0.334787
0.322514
0.317433
0.318645
0.31862
0.33133
0.330234
0.335416
0.322779
0.333344
0.296356
0.296293
0.297606
0.308034
0.308526
0.299419
0.290674
0.298902
0.299887
0.314622
0.056169
0.157941
0.163228
0.17074
0.107241
0.200255
0.21239
0.273569
0.31125
0.339695
0.31165
0.313103
0.314802
0.339944
0.350911
0.352099
0.446201
0.442834
0.474184
0.413852
0.387757
0.391826
0.419488
0.445691
0.445127
0.360444
0.367254
0.400865
0.375864
0.343131
0.360692
0.360354
0.36192
0.268897
0.268763
0.269823
0.300554
0.304865
0.302581
0.27288
0.484638
0.492118
0.492224
0.495752
0.492227
0.496829
0.496681
0.506286
0.506868
0.5039
0.4859
0.488165
0.48618
0.492874
0.490937
0.494794
0.490272
0.493727
0.489923
0.494462
0.472422
0.474421
0.471312
0.470949
0.469951
0.46681
0.466824
0.468413
0.472128
0.477155
0.47135
0.474065
0.475561
0.472379
0.471978
0.47243
0.473469
0.477773
0.478371
0.484291
0.471005
0.466996
0.465785
0.468771
0.472934
0.479356
0.479731
0.481723
0.484586
0.485404
0.484112
0.487177
0.486966
0.490508
0.488164
0.491146
0.48916
0.487708
0.488359
0.48096
0.478213
0.476363
0.472359
0.470795
0.467623
0.467137
0.467301
0.466231
0.466058
0.469715
0.470987
0.465544
0.462998
0.463723
0.464781
0.464522
0.465449
0.465042
0.468387
0.470725
0.467487
0.465243
0.465785
0.461769
0.458838
0.458061
0.458884
0.459087
0.45857
0.460755
0.459713
0.460035
0.45998
0.460412
0.457111
0.45888
0.457583
0.460226
0.457588
0.458188
0.453147
0.452401
0.45214
0.4524
0.451246
0.451533
0.452709
0.453998
0.456247
0.453171
0.445979
0.451492
0.452817
0.45535
0.453851
0.454755
0.455944
0.457164
0.459767
0.458614
0.455133
0.453929
0.456095
0.459429
0.460726
0.46033
0.458509
0.460557
0.460659
0.462443
0.459834
0.459282
0.461115
0.463033
0.462617
0.465759
0.467466
0.466392
0.468341
0.466965
0.464064
0.464294
0.461485
0.460972
0.460128
0.459898
0.468207
0.469889
0.469476
0.462482
0.457298
0.459556
0.459951
0.459545
0.456773
0.454045
0.456073
0.458438
0.458723
0.458805
0.456332
0.455673
0.457843
0.459108
0.459465
0.462115
0.462409
0.461538
0.462363
0.461211
0.457029
0.458125
0.4612
0.462432
0.464099
0.466294
0.463927
0.459789
0.457717
0.457337
0.4557
0.452292
0.452085
0.455302
0.454957
0.454651
0.451678
0.452969
0.453686
0.455679
0.452691
0.456069
0.458626
0.459432
0.458291
0.456825
0.4564
0.457817
0.458414
0.458251
0.448138
0.448138
0.448957
0.452526
0.454478
0.449597
0.453359
0.453373
0.452797
0.451197
0.452276
0.452877
0.452023
0.452621
0.452966
0.451903
0.451651
0.455153
0.455086
0.455275
0.450782
0.451675
0.451619
0.451906
0.453522
0.456705
0.458397
0.459422
0.457699
0.455187
0.4577
0.456199
0.454942
0.455269
0.45482
0.454318
0.454333
0.451134
0.45155
0.45134
0.455319
0.455195
0.458142
0.455816
0.456835
0.458303
0.467452
0.465761
0.466031
0.457064
0.455801
0.456326
0.454793
0.454681
0.455916
0.455299
0.455014
0.452982
0.452214
0.455099
0.463179
0.465565
0.458694
0.46123
0.459634
0.463082
0.470585
0.475203
0.472889
0.4664
0.464243
0.466996
0.46733
0.469905
0.472522
0.476458
0.472522
0.474426
0.475335
0.477003
0.480203
0.479629
0.482141
0.481911
0.483942
0.476247
0.473369
0.473513
0.484436
0.485884
0.494175
0.484426
0.489139
0.484205
0.483717
0.487831
0.4919
0.488409
0.487763
0.484425
0.48953
0.492552
0.484967
0.487892
0.475475
0.478401
0.49001
0.485815
0.484633
0.473973
0.469641
0.470588
0.471034
0.466884
0.467639
0.462946
0.476494
0.484983
0.493117
0.474999
0.460994
0.457002
0.469128
0.468923
0.470083
0.468152
0.464403
0.475113
0.458054
0.462762
0.466717
0.471443
0.473447
0.467528
0.459229
0.457916
0.467618
0.467854
0.467987
0.459684
0.442534
0.445986
0.474815
0.488612
0.480505
0.446868
0.43376
0.435588
0.439083
0.44141
0.448111
0.452517
0.456268
0.443989
0.424538
0.40317
0.397587
0.390812
0.384356
0.377832
0.38692
0.380444
0.363789
0.345539
0.362198
0.370915
0.36994
0.390154
0.419471
0.433329
0.415537
0.393042
0.390121
0.395322
0.379862
0.388083
0.390814
0.386521
0.384809
0.379863
0.414107
0.418457
0.445377
0.447351
0.463077
0.467292
0.489913
0.483884
0.464379
0.452542
0.451733
0.482732
0.479405
0.481138
0.47777
0.476808
0.470394
0.495698
0.495363
0.518544
0.518701
0.517771
0.492324
0.481275
0.49044
0.50114
0.486805
0.471342
0.493584
0.495332
0.504391
0.474676
0.499376
0.510341
0.510618
0.478974
0.493779
0.541777
0.53835
0.540299
0.49606
0.508075
0.50356
0.519548
0.533917
0.542871
0.531726
0.516758
0.523259
0.541667
0.547242
0.572361
0.563973
0.562326
0.542521
0.571166
0.592862
0.609795
0.602472
0.604956
0.590061
0.622044
0.62627
0.651683
0.627767
0.608355
0.589823
0.573699
0.617573
0.645146
0.642005
0.628019
0.610707
0.615039
0.638939
0.643785
0.655958
0.649143
0.648877
0.632942
0.59243
0.587353
0.599693
0.592734
0.601279
0.59315
0.603711
0.594561
0.60818
0.599288
0.593491
0.597594
0.604638
0.604248
0.599597
0.604573
0.599594
0.614939
0.637886
0.645967
0.572769
0.542204
0.523528
0.537438
0.539982
0.540825
0.551408
0.55199
0.569092
0.587279
0.563438
0.56617
0.564268
0.554937
0.543548
0.540125
0.577109
0.55999
0.550556
0.555263
0.566841
0.576587
0.563643
0.568129
0.577434
0.562481
0.556378
0.537221
0.534511
0.533512
0.543464
0.565058
0.552641
0.550607
0.535869
0.547028
0.559495
0.556843
0.554093
0.559775
0.547807
0.538918
0.554271
0.576454
0.576988
0.562568
0.549889
0.539855
0.563453
0.561733
0.533209
0.540015
0.5468
0.555896
0.539435
0.524022
0.523338
0.530286
0.520849
0.530436
0.526918
0.538194
0.521913
0.532528
0.526319
0.53469
0.530027
0.541395
0.547181
0.561724
0.545286
0.535426
0.513742
0.525501
0.518357
0.533396
0.536188
0.524434
0.540818
0.525781
0.496388
0.488415
0.484371
0.520061
0.521146
0.542059
0.496718
0.492488
0.478549
0.481673
0.479655
0.478533
0.475476
0.482084
0.497879
0.504964
0.51032
0.50881
0.492724
0.476368
0.46563
0.478519
0.477206
0.469422
0.466066
0.483112
0.477774
0.481754
0.470261
0.481097
0.46718
0.469101
0.461285
0.475793
0.465627
0.466395
0.451401
0.457162
0.454268
0.476669
0.477317
0.467385
0.472666
0.467707
0.460108
0.440851
0.431552
0.447704
0.462626
0.462628
0.452619
0.434101
0.436432
0.44981
0.462683
0.447977
0.432895
0.429485
0.42266
0.426368
0.42988
0.428606
0.426278
0.44307
0.450387
0.444908
0.438031
0.454906
0.460995
0.455407
0.45185
0.45722
0.453986
0.453667
0.446097
0.452349
0.463549
0.464134
0.469248
0.466198
0.45191
0.449362
0.459883
0.452719
0.468493
0.463514
0.459658
0.434159
0.433611
0.44352
0.445766
0.458375
0.4542
0.454205
0.468679
0.470095
0.466894
0.441657
0.438138
0.426925
0.426989
0.42588
0.424975
0.428934
0.431984
0.435011
0.431551
0.412892
0.412798
0.41259
0.422309
0.429784
0.438107
0.429344
0.411153
0.409778
0.420961
0.439329
0.453038
0.447428
0.440276
0.420271
0.423641
0.421266
0.409371
0.413423
0.417026
0.434205
0.434432
0.426943
0.430484
0.417836
0.419246
0.403878
0.394135
0.408151
0.420462
0.435953
0.4414
0.445194
0.448466
0.450702
0.446533
0.455133
0.442221
0.442115
0.457572
0.463099
0.460551
0.453797
0.447584
0.444649
0.46872
0.472059
0.473988
0.463881
0.46266
0.45815
0.468961
0.463413
0.467923
0.455698
0.44911
0.449889
0.441436
0.437102
0.425898
0.431599
0.430234
0.442966
0.455035
0.44704
0.444434
0.452665
0.443594
0.464809
0.440953
0.453311
0.448437
0.456683
0.452751
0.448052
0.45414
0.442357
0.435008
0.432177
0.444259
0.464256
0.459245
0.468287
0.450279
0.455555
0.469265
0.471043
0.476127
0.468355
0.464717
0.48028
0.462821
0.476043
0.47461
0.482627
0.478911
0.469245
0.470373
0.461575
0.470865
0.466969
0.47158
0.474066
0.498514
0.518098
0.529493
0.52966
0.512234
0.508564
0.507796
0.513308
0.509607
0.498858
0.50403
0.505987
0.50634
0.495624
0.498902
0.499123
0.520638
0.523883
0.529217
0.530753
0.536477
0.541228
0.547036
0.528293
0.511081
0.501616
0.494027
0.502651
0.504309
0.501488
0.480514
0.491554
0.492542
0.496411
0.495691
0.499038
0.504628
0.503073
0.494982
0.505662
0.485836
0.493279
0.505167
0.518878
0.516464
0.518415
0.502851
0.505294
0.50546
0.4934
0.486047
0.482157
0.482473
0.470973
0.473005
0.480332
0.48359
0.497387
0.497467
0.479207
0.47978
0.47931
0.491445
0.48923
0.48955
0.492949
0.500912
0.50817
0.488619
0.50077
0.504699
0.520839
0.539309
0.542742
0.535671
0.530528
0.525501
0.506918
0.500878
0.503985
0.507136
0.503413
0.489696
0.483155
0.489259
0.50786
0.514974
0.504465
0.49224
0.476007
0.463025
0.456529
0.470974
0.472428
0.476676
0.469897
0.464551
0.472843
0.481631
0.487484
0.478473
0.474006
0.467543
0.480044
0.470334
0.478413
0.480432
0.475048
0.475704
0.475112
0.497445
0.486141
0.483337
0.48525
0.491694
0.482855
0.483322
0.461495
0.45685
0.453991
0.477575
0.485353
0.482321
0.471234
0.468619
0.480047
0.489912
0.489371
0.508431
0.49927
0.51454
0.512477
0.518201
0.522707
0.513893
0.527153
0.539455
0.531173
0.529989
0.539673
0.548427
0.562019
0.552816
0.559071
0.557793
0.559053
0.56583
0.561606
0.563169
0.555955
0.574591
0.578913
0.600713
0.592884
0.600189
0.603121
0.614419
0.634972
0.651882
0.642342
0.646092
0.646061
0.667373
0.661169
0.670569
0.670738
0.666189
0.654395
0.646708
0.6629
0.66758
0.678008
0.679175
0.688041
0.672569
0.658988
0.636653
0.633256
0.629657
0.653044
0.659523
0.673562
0.655643
0.66296
0.65708
0.644929
0.649686
0.661421
0.679519
0.691096
0.684893
0.699465
0.717162
0.711766
0.703965
0.701794
0.722199
0.721213
0.732001
0.734412
0.730745
0.7352
0.740418
0.734391
0.754031
0.755538
0.750991
0.741343
0.728196
0.724692
0.729897
0.72221
0.711656
0.716751
0.717454
0.715811
0.706387
0.703083
0.702569
0.708267
0.739795
0.733633
0.737
0.725414
0.734553
0.752551
0.752394
0.764103
0.743547
0.743979
0.750375
0.767629
0.791047
0.76468
0.768431
0.762074
0.756271
0.760941
0.773573
0.779226
0.790385
0.779443
0.770119
0.78361
0.781636
0.784547
0.780468
0.786279
0.791477
0.796639
0.831736
0.818368
0.829741
0.848741
0.852893
0.849148
0.841703
0.849814
0.836896
0.84083
0.825392
0.83578
0.841306
0.827282
0.831453
0.829779
0.848745
0.845394
0.863175
0.854564
0.833337
0.843123
0.863969
0.864729
0.855231
0.843884
0.81529
0.815373
0.824729
0.833166
0.832927
0.813814
0.825646
0.827681
0.829209
0.834627
0.830549
0.841954
0.84099
0.859555
0.828763
0.820812
0.80916
0.81167
0.810402
0.812855
0.818508
0.820004
0.834724
0.823887
0.825675
0.85943
0.885142
0.891933
0.868051
0.882073
0.89219
0.875859
0.878034
0.884794
0.888114
0.864368
0.852308
0.890222
0.883612
0.869121
0.847406
0.85567
0.841071
0.860156
0.847815
0.844515
0.832153
0.843328
0.849547
0.834229
0.823788
0.843571
0.857878
0.869398
0.856359
0.863507
0.860528
0.844629
0.837628
0.854981
0.854469
0.85583
0.867935
0.850465
0.838263
0.84581
0.855035
0.869289
0.868621
0.86856
0.86982
0.86444
0.890553
0.89211
0.87964
0.879797
0.889958
0.88046
0.880289
0.883744
0.88133
0.869549
0.86236
0.886257
0.889353
0.857353
0.862779
0.849792
0.85429
0.855947
0.848225
0.863527
0.867971
0.870036
0.866252
0.868206
0.855994
0.85496
0.852109
0.82124
0.84638
0.875319
0.892885
0.87744
0.856656
0.859475
0.841745
0.829513
0.825656
0.832502
0.841735
0.843582
0.857818
0.861334
0.884161
0.857485
0.848799
0.825386
0.824601
0.830919
0.821832
0.826261
0.817631
0.818356
0.823619
0.826622
0.826922
0.835487
0.84516
0.846359
0.848405
0.845152
0.8419
0.856987
0.842651
0.848762
0.859032
0.872189
0.876097
0.850308
0.82724
0.831426
0.832615
0.850635
0.845252
0.86022
0.852938
0.854963
0.861031
0.869491
0.868891
0.874695
0.864219
0.837123
0.838644
0.833125
0.847723
0.831939
0.828411
0.833426
0.830859
0.826647
0.818753
0.825091
0.833029
0.841499
0.843532
0.832813
0.820776
0.826956
0.817233
0.809929
0.816803
0.806427
0.795678
0.800217
0.798228
0.802214
0.78261
0.792202
0.799557
0.793436
0.801426
0.785876
0.795703
0.799072
0.805058
0.795404
0.79181
0.7957
0.804104
0.804906
0.810112
0.804126
0.803567
0.780834
0.789369
0.803121
0.807151
0.800335
0.806692
0.818573
0.818437
0.810395
0.798633
0.810452
0.824763
0.832698
0.842615
0.829004
0.828024
0.831327
0.818976
0.804829
0.821409
0.836369
0.822141
0.833635
0.843375
0.875197
0.864941
0.867566
0.829681
0.817066
0.809925
0.82006
0.820171
0.799259
0.785328
0.774821
0.762719
0.756783
0.751284
0.774099
0.754355
0.763751
0.769981
0.759098
0.778702
0.761806
0.773908
0.750863
0.755958
0.747301
0.716643
0.693719
0.702543
0.696925
0.702882
0.705153
0.714208
0.726874
0.736822
0.720714
0.694557
0.68832
0.685518
0.691424
0.690919
0.686526
0.669151
0.672533
0.687644
0.702826
0.683473
0.677902
0.680571
0.669127
0.664682
0.642886
0.63732
0.630687
0.635525
0.640221
0.604303
0.60472
0.611159
0.624085
0.61081
0.6084
0.61208
0.607436
0.607103
0.644191
0.59503
0.619402
0.599568
0.613727
0.597544
0.581676
0.560197
0.566677
0.576626
0.574885
0.491417
0.501894
0.51207
0.512971
0.512411
0.507018
0.499721
0.489991
0.49131
0.503183
0.495851
0.498376
0.490834
0.483399
0.488301
0.477949
0.492611
0.510869
0.516339
0.51478
0.469421
0.466425
0.475074
0.482346
0.490207
0.485435
0.471554
0.484278
0.491092
0.496805
0.448541
0.437597
0.432853
0.421591
0.414286
0.416729
0.414081
0.435116
0.426544
0.415741
0.355748
0.350946
0.347812
0.348757
0.346747
0.344519
0.343559
0.348528
0.358404
0.363561
0.304486
0.306497
0.317983
0.318102
0.318773
0.296467
0.301143
0.305038
0.311265
0.309497
0.052268
0.084823
0.093142
0.128824
0.15522
0.182551
0.187751
0.187161
0.191798
0.223771
0.27559
0.312533
0.371251
0.371675
0.44841
0.45171
0.453834
0.482175
0.486674
0.526152
0.364276
0.336593
0.336385
0.311792
0.291324
0.265831
0.269677
0.274528
0.352667
0.349536
0.313033
0.216652
0.183913
0.248512
0.252375
0.290307
0.293457
0.29493
0.296717
0.296859
0.453742
0.455275
0.458572
0.461489
0.463853
0.463737
0.46626
0.468978
0.470264
0.470953
0.459077
0.457788
0.455984
0.454299
0.457556
0.461939
0.462954
0.465377
0.465626
0.468623
0.447676
0.452505
0.45032
0.446492
0.442713
0.443478
0.44636
0.447438
0.448639
0.449151
0.446083
0.446529
0.445338
0.44731
0.449527
0.448549
0.449838
0.448404
0.451339
0.449668
0.438605
0.438303
0.440055
0.44039
0.440896
0.444385
0.443597
0.44914
0.448425
0.449877
0.442701
0.440288
0.440245
0.443252
0.440962
0.440887
0.443199
0.446805
0.449574
0.451495
0.44386
0.441892
0.442579
0.44222
0.44173
0.44472
0.445036
0.445529
0.44906
0.448336
0.443644
0.44221
0.442548
0.442544
0.441702
0.440268
0.440584
0.441223
0.441049
0.43866
0.43709
0.440563
0.442215
0.441275
0.44478
0.442352
0.442719
0.441155
0.444631
0.444847
0.437202
0.437086
0.436496
0.436989
0.446784
0.447469
0.449057
0.444061
0.443238
0.443909
0.443848
0.441025
0.440069
0.437927
0.438794
0.438534
0.437707
0.436234
0.435641
0.436658
0.435302
0.434539
0.433448
0.432447
0.432242
0.432179
0.434277
0.434433
0.435564
0.433055
0.432351
0.430292
0.432996
0.432861
0.43198
0.433103
0.433916
0.43566
0.43596
0.437199
0.431284
0.433703
0.434259
0.437202
0.438945
0.438438
0.437402
0.436559
0.436271
0.438143
0.434718
0.435132
0.434431
0.433045
0.433157
0.433808
0.433663
0.43364
0.43396
0.433318
0.429282
0.429144
0.430539
0.430589
0.434232
0.434036
0.432523
0.430317
0.430716
0.431303
0.433515
0.433087
0.43197
0.432098
0.431157
0.431034
0.432831
0.434048
0.432671
0.433906
0.431087
0.429506
0.430277
0.430586
0.42896
0.427896
0.431976
0.432861
0.431084
0.428527
0.42635
0.425194
0.423798
0.424198
0.425751
0.426584
0.426832
0.436473
0.434569
0.43435
0.426021
0.425323
0.425577
0.425879
0.426562
0.428548
0.430579
0.433444
0.434142
0.433931
0.428713
0.429364
0.429081
0.428038
0.426936
0.428058
0.428616
0.427964
0.427982
0.428694
0.427605
0.429194
0.442667
0.443296
0.440267
0.430817
0.430395
0.428065
0.424961
0.424366
0.427606
0.433984
0.433927
0.434511
0.432397
0.436508
0.43954
0.440022
0.443781
0.445635
0.444546
0.443589
0.442234
0.442179
0.445259
0.444404
0.444079
0.441956
0.443796
0.44554
0.441765
0.439374
0.440127
0.440863
0.443737
0.441901
0.437193
0.435385
0.435625
0.434747
0.435937
0.435899
0.434408
0.430769
0.430627
0.431952
0.432281
0.437735
0.44061
0.442652
0.448744
0.453388
0.452602
0.451085
0.449047
0.451959
0.452424
0.454344
0.451326
0.459712
0.458502
0.459581
0.449185
0.452807
0.45276
0.453292
0.457222
0.454246
0.451157
0.448802
0.439369
0.443417
0.443673
0.447102
0.449919
0.461287
0.463156
0.470471
0.461292
0.464105
0.446651
0.460792
0.469417
0.474982
0.468836
0.457943
0.4508
0.442348
0.44084
0.441125
0.440833
0.439095
0.441051
0.44368
0.430724
0.430052
0.426873
0.426799
0.412525
0.419287
0.414782
0.419888
0.416203
0.418906
0.417738
0.41802
0.420653
0.410203
0.410325
0.40494
0.410628
0.415474
0.431048
0.433473
0.445941
0.439086
0.43775
0.44305
0.439996
0.443909
0.448577
0.445138
0.445675
0.432036
0.43894
0.426
0.429017
0.429207
0.407894
0.395883
0.398514
0.401305
0.40184
0.400723
0.410291
0.407774
0.403609
0.394439
0.385507
0.39325
0.422516
0.406642
0.394742
0.364601
0.361843
0.367653
0.35844
0.359785
0.364811
0.369845
0.357931
0.352178
0.364286
0.343035
0.347601
0.34055
0.351277
0.346256
0.366169
0.363843
0.366676
0.337996
0.349278
0.346162
0.331833
0.309153
0.314506
0.324901
0.341688
0.322526
0.364599
0.372386
0.400688
0.381098
0.3776
0.393056
0.416082
0.432602
0.432054
0.420067
0.397434
0.418468
0.434721
0.433659
0.422791
0.40667
0.412545
0.409653
0.410869
0.424731
0.442136
0.455885
0.452715
0.462566
0.45811
0.455506
0.459829
0.478351
0.484478
0.491711
0.474527
0.466323
0.475798
0.516
0.545988
0.581786
0.578253
0.585998
0.563437
0.557713
0.529537
0.542452
0.562448
0.567546
0.576078
0.556495
0.565531
0.570442
0.584811
0.580093
0.560699
0.56255
0.570642
0.578693
0.583742
0.60398
0.603833
0.614966
0.603577
0.596174
0.574564
0.572729
0.587224
0.61455
0.619404
0.637766
0.610217
0.638796
0.625221
0.63149
0.609334
0.607398
0.629815
0.660799
0.647381
0.619062
0.597424
0.601419
0.618147
0.643537
0.59224
0.580072
0.587745
0.592324
0.59837
0.60637
0.578991
0.59656
0.582163
0.604988
0.562372
0.560143
0.54911
0.552454
0.556803
0.542045
0.545704
0.555041
0.578066
0.564225
0.52538
0.518809
0.536088
0.550789
0.562425
0.549683
0.54373
0.530847
0.533634
0.545277
0.496529
0.499045
0.470242
0.45921
0.442328
0.440381
0.459999
0.463627
0.468727
0.450622
0.473536
0.488984
0.5001
0.512718
0.514935
0.535084
0.544917
0.549131
0.545172
0.535432
0.554521
0.564652
0.557461
0.54535
0.534123
0.552031
0.555412
0.559556
0.5491
0.526406
0.519456
0.516801
0.521834
0.521439
0.512491
0.517959
0.537639
0.555014
0.575349
0.567133
0.558122
0.562361
0.562385
0.557381
0.571396
0.580919
0.593172
0.586609
0.586412
0.603736
0.569365
0.611822
0.624223
0.639497
0.611288
0.59101
0.59077
0.589367
0.576965
0.581273
0.543978
0.519947
0.515038
0.542304
0.554196
0.557219
0.556967
0.560066
0.565332
0.54561
0.514121
0.504184
0.521001
0.538422
0.562384
0.557231
0.567598
0.545616
0.554119
0.513084
0.52253
0.514374
0.516942
0.521369
0.538877
0.529354
0.510636
0.516559
0.507489
0.50885
0.472475
0.488221
0.477639
0.47517
0.461604
0.465004
0.477242
0.48281
0.491665
0.480007
0.481515
0.487112
0.488815
0.492807
0.4713
0.461809
0.467297
0.460608
0.470594
0.473663
0.461008
0.438911
0.453803
0.43596
0.430887
0.424001
0.424891
0.422231
0.437775
0.454774
0.461198
0.4468
0.440509
0.446712
0.448894
0.470449
0.467364
0.480326
0.489243
0.486015
0.518321
0.519867
0.508117
0.494673
0.486432
0.476117
0.449176
0.445949
0.443093
0.455039
0.454084
0.449555
0.438269
0.420384
0.430951
0.437107
0.446069
0.445434
0.445866
0.441384
0.414844
0.409472
0.407936
0.424825
0.431526
0.424345
0.414696
0.415374
0.411617
0.416402
0.411944
0.412875
0.41165
0.412075
0.420042
0.411913
0.408896
0.401719
0.407616
0.423885
0.42349
0.420981
0.425391
0.417825
0.416328
0.420183
0.415099
0.424301
0.43919
0.437109
0.450579
0.447104
0.450977
0.432756
0.438241
0.449235
0.441796
0.458031
0.445402
0.440958
0.468311
0.472924
0.460465
0.438135
0.430847
0.420486
0.428968
0.429639
0.43323
0.449426
0.45132
0.453326
0.441102
0.435158
0.457479
0.453432
0.450904
0.43474
0.435761
0.431508
0.429907
0.435056
0.445511
0.449147
0.442871
0.44049
0.442633
0.426444
0.417393
0.42109
0.424136
0.422971
0.436255
0.43068
0.417277
0.417947
0.430088
0.438316
0.449068
0.434641
0.432806
0.432362
0.435109
0.431926
0.433107
0.431157
0.440258
0.434863
0.438887
0.43651
0.454259
0.470658
0.467801
0.465653
0.458516
0.450555
0.455768
0.445308
0.443856
0.450749
0.4703
0.484817
0.472185
0.471594
0.474506
0.493406
0.480657
0.488485
0.495317
0.49929
0.495045
0.484613
0.500926
0.513045
0.511896
0.499534
0.491389
0.500982
0.501278
0.511357
0.509784
0.50523
0.495014
0.50528
0.499096
0.516141
0.507763
0.500914
0.498271
0.512076
0.4861
0.501091
0.494318
0.502717
0.495563
0.492663
0.504004
0.502181
0.510426
0.507115
0.503616
0.502861
0.502685
0.501298
0.494967
0.490619
0.487983
0.494871
0.501211
0.493859
0.485765
0.4793
0.475659
0.481473
0.473645
0.473808
0.474677
0.479501
0.47803
0.475314
0.471064
0.464465
0.457665
0.454365
0.452585
0.450827
0.453836
0.457337
0.46052
0.465559
0.467313
0.474786
0.481349
0.487151
0.489591
0.492117
0.504912
0.521646
0.517927
0.513823
0.494215
0.487654
0.489954
0.482816
0.482255
0.478019
0.467347
0.473483
0.485185
0.494002
0.495466
0.499611
0.508155
0.500378
0.491837
0.476249
0.471883
0.474865
0.480509
0.478635
0.474796
0.473848
0.495226
0.487935
0.507218
0.497535
0.509152
0.499788
0.501706
0.501181
0.497169
0.493089
0.502844
0.521623
0.528522
0.533259
0.516608
0.519121
0.513761
0.504186
0.501657
0.503337
0.512104
0.508038
0.502949
0.494009
0.509472
0.507445
0.505952
0.503391
0.483493
0.503587
0.483315
0.493205
0.493403
0.479268
0.468986
0.460127
0.463189
0.473843
0.481786
0.481851
0.497397
0.500572
0.519633
0.513042
0.524101
0.498072
0.510359
0.519669
0.539773
0.530714
0.524476
0.508056
0.505295
0.512374
0.522118
0.522278
0.525935
0.527437
0.529132
0.540678
0.530784
0.531513
0.545523
0.538413
0.536298
0.525474
0.522506
0.523359
0.523428
0.533505
0.530611
0.542562
0.542753
0.547577
0.531644
0.526531
0.528944
0.525908
0.549312
0.546196
0.554133
0.560255
0.556123
0.580258
0.584245
0.590984
0.587941
0.600322
0.60724
0.603999
0.611666
0.633667
0.625161
0.626784
0.632341
0.623911
0.624206
0.641032
0.64987
0.64702
0.644837
0.641166
0.658508
0.655318
0.656915
0.671762
0.6613
0.657534
0.66714
0.673994
0.652568
0.644968
0.629366
0.621896
0.625993
0.628421
0.631906
0.637963
0.639634
0.633383
0.647843
0.645017
0.640545
0.637522
0.64432
0.656113
0.671003
0.685036
0.688245
0.700016
0.699558
0.707285
0.728972
0.713707
0.713534
0.690212
0.688713
0.688368
0.701109
0.705383
0.713157
0.702952
0.701266
0.703637
0.714809
0.712842
0.728106
0.73877
0.761966
0.761006
0.764867
0.748814
0.743211
0.760325
0.784298
0.801535
0.7959
0.781616
0.77645
0.77819
0.774968
0.785916
0.783262
0.768319
0.774413
0.782048
0.797909
0.800705
0.811256
0.809823
0.803329
0.798994
0.798796
0.789193
0.800362
0.789419
0.803042
0.787508
0.81268
0.82754
0.816081
0.808535
0.806895
0.807925
0.820884
0.82103
0.821435
0.821394
0.823499
0.823096
0.835162
0.871851
0.865977
0.869119
0.840992
0.840781
0.839354
0.844885
0.859304
0.859212
0.850588
0.823509
0.831477
0.825222
0.843426
0.84376
0.84292
0.819401
0.843444
0.833945
0.848762
0.839126
0.844528
0.831389
0.813761
0.832282
0.82229
0.819472
0.824222
0.83615
0.857275
0.848898
0.834614
0.83216
0.841551
0.861752
0.884029
0.866307
0.851634
0.843255
0.84106
0.858503
0.871228
0.87366
0.879874
0.870169
0.858876
0.867808
0.887527
0.890271
0.878375
0.888893
0.903707
0.910086
0.943869
0.914408
0.910096
0.897215
0.88102
0.867034
0.844471
0.845491
0.835333
0.854525
0.845536
0.862344
0.845841
0.837592
0.810974
0.82641
0.829912
0.830911
0.835896
0.84505
0.833384
0.821842
0.822817
0.822327
0.872558
0.881753
0.877303
0.849161
0.83528
0.845275
0.837579
0.844327
0.825162
0.825657
0.811587
0.81278
0.80033
0.804189
0.813471
0.828216
0.838421
0.845788
0.841907
0.844829
0.842836
0.855838
0.856698
0.85627
0.872312
0.868647
0.866116
0.855767
0.86096
0.867924
0.867771
0.887044
0.89463
0.884966
0.861072
0.848111
0.856145
0.858755
0.853402
0.847046
0.827212
0.830546
0.824095
0.810747
0.794858
0.814
0.81883
0.829303
0.823426
0.814752
0.795519
0.80301
0.804902
0.817782
0.797926
0.811642
0.810032
0.814817
0.805402
0.802261
0.800482
0.814338
0.815196
0.82471
0.82642
0.823424
0.801633
0.794974
0.783776
0.799228
0.786014
0.7818
0.779681
0.80179
0.805746
0.793952
0.79836
0.778919
0.79027
0.806014
0.840777
0.84242
0.838396
0.812533
0.81788
0.805983
0.798633
0.782257
0.786486
0.7818
0.78597
0.801002
0.79618
0.801114
0.793006
0.80034
0.796008
0.787936
0.778049
0.76836
0.788475
0.799404
0.802609
0.805523
0.803302
0.784321
0.780459
0.774167
0.794318
0.78354
0.797591
0.821329
0.830213
0.823576
0.826643
0.808132
0.798189
0.801686
0.799027
0.791214
0.808517
0.828431
0.842087
0.840853
0.840358
0.826655
0.825157
0.831452
0.832483
0.833205
0.839282
0.818841
0.809548
0.798326
0.807781
0.809825
0.827437
0.81434
0.815084
0.792444
0.782025
0.776743
0.776232
0.782149
0.777137
0.789178
0.775685
0.797006
0.788346
0.794735
0.78221
0.772381
0.790509
0.814325
0.820163
0.835035
0.836334
0.828299
0.817514
0.820703
0.78809
0.788098
0.765092
0.759834
0.765476
0.756578
0.75492
0.741193
0.749547
0.751253
0.713133
0.696132
0.695369
0.693173
0.693503
0.702375
0.714248
0.715538
0.719924
0.73268
0.735863
0.731748
0.721539
0.709274
0.702774
0.707758
0.701822
0.724641
0.707539
0.703597
0.686295
0.680241
0.669486
0.672678
0.677367
0.671502
0.666175
0.658663
0.658843
0.649236
0.63651
0.641029
0.645815
0.649538
0.674575
0.689575
0.684068
0.658551
0.649191
0.653118
0.620715
0.606631
0.608989
0.627358
0.643997
0.644324
0.646966
0.630684
0.635748
0.626095
0.565992
0.561544
0.578075
0.582621
0.58554
0.595165
0.600219
0.590522
0.565147
0.588392
0.510714
0.507976
0.491177
0.501261
0.50249
0.513853
0.516826
0.503733
0.503182
0.497356
0.453153
0.465121
0.473946
0.468409
0.446127
0.434457
0.442165
0.447455
0.454735
0.451009
0.411843
0.406693
0.397264
0.403882
0.416504
0.432574
0.418933
0.410568
0.406232
0.410359
0.377499
0.37358
0.366941
0.37507
0.371005
0.365539
0.357479
0.362634
0.362078
0.362794
0.332545
0.331859
0.336304
0.338293
0.344667
0.333853
0.329796
0.334997
0.339134
0.337604
0.286014
0.293141
0.287202
0.283904
0.27803
0.283623
0.293716
0.296065
0.305398
0.29813
0.060979
0.06596
0.080679
0.081131
0.089693
0.082546
0.123957
0.290232
0.333413
0.343366
0.130507
0.284151
0.381902
0.384902
0.317728
0.220699
0.274839
0.278034
0.281098
0.285872
0.233126
0.237189
0.237502
0.237907
0.236957
0.239819
0.245286
0.246279
0.276458
0.303871
0.329296
0.290745
0.292823
0.296859
0.227975
0.230463
0.202289
0.206589
0.20925
0.209593
0.367097
0.366828
0.370458
0.369997
0.374154
0.375051
0.375525
0.377704
0.3775
0.388869
0.376369
0.377295
0.369007
0.369121
0.371601
0.368746
0.371413
0.371545
0.374515
0.378173
0.360764
0.362231
0.365233
0.373768
0.368589
0.368161
0.36525
0.368709
0.369826
0.374618
0.367539
0.366364
0.366295
0.365727
0.365868
0.36528
0.366249
0.365976
0.368
0.37195
0.364407
0.364453
0.365512
0.367602
0.370141
0.369821
0.367391
0.366308
0.364362
0.369707
0.36864
0.369869
0.367479
0.373464
0.381773
0.382697
0.377663
0.369338
0.369691
0.369137
0.362867
0.367384
0.367845
0.369849
0.370277
0.369106
0.368605
0.368515
0.372085
0.370833
0.361731
0.363213
0.362529
0.361953
0.360628
0.359495
0.359898
0.359838
0.360873
0.360268
0.354295
0.353846
0.354949
0.354427
0.350664
0.350658
0.35094
0.352902
0.352565
0.352358
0.350368
0.353811
0.354541
0.353346
0.356693
0.354064
0.355478
0.354505
0.354345
0.353237
0.350209
0.350634
0.348892
0.349166
0.348132
0.350209
0.353886
0.357171
0.35741
0.355023
0.350851
0.362058
0.362505
0.359811
0.349361
0.349852
0.349677
0.348424
0.350425
0.349881
0.349737
0.351152
0.355985
0.356925
0.35828
0.357758
0.359858
0.359304
0.36306
0.360871
0.357453
0.355244
0.356898
0.358581
0.359192
0.360534
0.365752
0.364544
0.364411
0.363938
0.365791
0.364216
0.361935
0.359544
0.360027
0.360688
0.359773
0.358602
0.358489
0.36051
0.355555
0.35608
0.356256
0.356135
0.356713
0.355821
0.351824
0.364996
0.363921
0.363988
0.351508
0.352102
0.351933
0.352722
0.351506
0.353524
0.352989
0.353281
0.351315
0.349927
0.347743
0.34816
0.349711
0.351257
0.349954
0.348183
0.344777
0.342744
0.340831
0.341065
0.340618
0.343725
0.344484
0.345065
0.343477
0.342154
0.343731
0.346223
0.346187
0.346977
0.356257
0.357533
0.361146
0.352218
0.355085
0.352006
0.375388
0.375214
0.377529
0.356664
0.346367
0.345656
0.345961
0.347267
0.350088
0.35024
0.351273
0.350231
0.349835
0.360048
0.362531
0.363009
0.355484
0.352028
0.349677
0.353049
0.352903
0.351664
0.358123
0.358763
0.35863
0.349873
0.352787
0.353695
0.353102
0.355721
0.358209
0.356094
0.352019
0.351376
0.351636
0.351034
0.350114
0.350474
0.349774
0.349875
0.350508
0.351925
0.350606
0.352778
0.351445
0.352142
0.350377
0.351979
0.349463
0.348761
0.337841
0.333857
0.333501
0.333617
0.333502
0.333367
0.332901
0.335867
0.335613
0.337233
0.335558
0.33632
0.335759
0.336475
0.342977
0.345482
0.351199
0.358605
0.355639
0.351656
0.341136
0.342502
0.347903
0.353155
0.349853
0.347357
0.345083
0.345715
0.343645
0.349611
0.355819
0.355235
0.356116
0.344493
0.342919
0.349065
0.347096
0.346725
0.343607
0.34261
0.34269
0.346497
0.347391
0.350437
0.345131
0.341751
0.342011
0.348277
0.350245
0.349458
0.354485
0.352451
0.352678
0.355363
0.357105
0.353149
0.344559
0.345774
0.346791
0.346405
0.347534
0.349859
0.351181
0.358073
0.357712
0.363807
0.356834
0.354755
0.348438
0.349844
0.359657
0.354951
0.352414
0.341654
0.346782
0.35097
0.340056
0.34301
0.352315
0.349562
0.345412
0.335138
0.322685
0.323519
0.329332
0.338822
0.345723
0.33422
0.329051
0.323424
0.319681
0.307718
0.325847
0.32476
0.322986
0.318578
0.32901
0.326683
0.330286
0.349269
0.357834
0.359987
0.360329
0.362347
0.382096
0.357934
0.359825
0.352781
0.358266
0.351864
0.356596
0.336313
0.329428
0.333259
0.319843
0.309769
0.301047
0.308054
0.310698
0.309085
0.321781
0.325864
0.321237
0.30877
0.303929
0.318093
0.315578
0.323415
0.306874
0.338482
0.338036
0.335434
0.321072
0.334679
0.378021
0.399279
0.405637
0.413247
0.394287
0.418174
0.399746
0.395841
0.375521
0.375487
0.408034
0.4175
0.442591
0.422921
0.431468
0.418062
0.418237
0.414188
0.442394
0.436297
0.444671
0.455742
0.46542
0.454394
0.443841
0.456028
0.467402
0.478096
0.476358
0.478097
0.490351
0.495465
0.478994
0.496631
0.505819
0.49891
0.558607
0.515435
0.519364
0.484835
0.508804
0.503035
0.509024
0.48266
0.513532
0.499045
0.521047
0.509895
0.511292
0.524766
0.529225
0.530333
0.518438
0.501724
0.524121
0.544245
0.593407
0.573195
0.568497
0.534944
0.54786
0.567911
0.582819
0.600471
0.607028
0.605439
0.591496
0.579537
0.575535
0.582706
0.57178
0.575333
0.573809
0.579355
0.587728
0.596044
0.615792
0.61606
0.600188
0.58563
0.546905
0.550421
0.548275
0.566702
0.572395
0.585031
0.590482
0.591061
0.589489
0.561008
0.535525
0.530208
0.537247
0.547542
0.572038
0.603841
0.604774
0.600764
0.562607
0.594991
0.557359
0.59701
0.579307
0.574059
0.547709
0.558187
0.583632
0.566162
0.56411
0.541274
0.525703
0.527728
0.552266
0.547172
0.557766
0.554664
0.570069
0.569151
0.577285
0.58444
0.590804
0.610922
0.603975
0.586287
0.580331
0.582553
0.59554
0.615071
0.630128
0.632249
0.616354
0.604956
0.600839
0.615604
0.60289
0.611273
0.615267
0.612657
0.593552
0.5852
0.571117
0.561008
0.546697
0.561289
0.551677
0.573064
0.587359
0.583924
0.563259
0.541931
0.548361
0.555197
0.563351
0.561486
0.566983
0.583523
0.599894
0.599447
0.585095
0.584226
0.573803
0.596335
0.590947
0.590364
0.570678
0.567246
0.563521
0.583119
0.584053
0.578692
0.560577
0.55358
0.55507
0.576324
0.583638
0.574192
0.560953
0.555228
0.578124
0.564873
0.526011
0.51954
0.515709
0.510913
0.498428
0.494037
0.508294
0.517857
0.51209
0.498926
0.479759
0.507021
0.524189
0.524563
0.498421
0.486334
0.487504
0.487487
0.489489
0.493525
0.489583
0.472211
0.460873
0.465629
0.476194
0.487101
0.498375
0.49542
0.490261
0.473783
0.461122
0.460113
0.45722
0.462107
0.459048
0.46679
0.455007
0.458993
0.438688
0.462183
0.455193
0.476102
0.4743
0.465036
0.453914
0.456816
0.464513
0.45559
0.445932
0.450491
0.442357
0.442416
0.456235
0.458936
0.461825
0.46354
0.470388
0.463732
0.447229
0.456865
0.463931
0.471556
0.465767
0.466265
0.458649
0.466376
0.457135
0.458093
0.44919
0.447062
0.453949
0.439704
0.43199
0.424983
0.427768
0.436084
0.43914
0.426869
0.437401
0.434143
0.456914
0.433152
0.427765
0.418055
0.416153
0.411925
0.428288
0.424566
0.422971
0.43187
0.432469
0.434871
0.431653
0.431515
0.432416
0.43936
0.427563
0.450223
0.450517
0.449094
0.434995
0.417544
0.420226
0.422243
0.42433
0.429887
0.416437
0.416953
0.416947
0.410909
0.400585
0.391789
0.387742
0.395603
0.403287
0.420869
0.418902
0.419202
0.390283
0.387844
0.380075
0.394723
0.398546
0.412346
0.416386
0.419946
0.425394
0.424203
0.42035
0.430442
0.426891
0.438749
0.432267
0.427906
0.428707
0.431926
0.434985
0.429294
0.44191
0.443706
0.451332
0.441954
0.437861
0.447413
0.451018
0.45663
0.427699
0.437405
0.441633
0.445351
0.440016
0.450801
0.451391
0.451059
0.444911
0.434333
0.431134
0.436782
0.448752
0.458866
0.44635
0.44047
0.449576
0.461293
0.470623
0.45877
0.459071
0.468313
0.483424
0.496627
0.499607
0.491418
0.471205
0.491325
0.49529
0.502117
0.493822
0.516131
0.508819
0.506475
0.493487
0.494314
0.485663
0.492037
0.502416
0.491633
0.510263
0.506543
0.494663
0.479861
0.478241
0.47722
0.484962
0.478174
0.495516
0.494799
0.480453
0.465064
0.468135
0.470767
0.466386
0.473323
0.488343
0.492584
0.486961
0.470527
0.471262
0.47712
0.476054
0.474666
0.467586
0.480303
0.46724
0.466842
0.461829
0.475755
0.469222
0.478913
0.466713
0.473258
0.461649
0.459378
0.468681
0.471879
0.481865
0.476169
0.457068
0.446746
0.451621
0.461204
0.467226
0.469868
0.477085
0.465885
0.462217
0.452404
0.444346
0.439632
0.444121
0.449633
0.458036
0.45608
0.46263
0.448909
0.452385
0.458371
0.449043
0.460429
0.4605
0.456321
0.456084
0.458962
0.45965
0.46303
0.456311
0.460711
0.462461
0.478711
0.481783
0.493655
0.475479
0.474905
0.470423
0.480617
0.489023
0.489909
0.481867
0.474969
0.461206
0.457848
0.448545
0.454562
0.438304
0.436303
0.427773
0.437395
0.440731
0.433352
0.434135
0.426274
0.430488
0.442697
0.433269
0.429657
0.431018
0.442542
0.449845
0.452599
0.452192
0.448051
0.426988
0.431278
0.436848
0.437517
0.442089
0.452232
0.450052
0.448837
0.460173
0.477867
0.465005
0.456223
0.457089
0.461216
0.46535
0.464721
0.467287
0.482462
0.482687
0.476626
0.461687
0.46963
0.47085
0.477337
0.485641
0.479175
0.488715
0.490614
0.493284
0.482567
0.489729
0.489321
0.493136
0.493491
0.481161
0.482212
0.487347
0.49861
0.501526
0.496172
0.513022
0.502936
0.505483
0.505449
0.500748
0.513123
0.515276
0.520774
0.513405
0.50775
0.522469
0.525274
0.520952
0.520581
0.522652
0.529275
0.52941
0.529826
0.531615
0.534242
0.524405
0.518242
0.506296
0.507096
0.516987
0.536506
0.544586
0.551819
0.545014
0.533618
0.553638
0.549152
0.55601
0.566898
0.573691
0.559815
0.555971
0.566697
0.579896
0.584934
0.576544
0.57747
0.597189
0.605884
0.606207
0.607403
0.607144
0.612399
0.609707
0.611765
0.626747
0.625131
0.637105
0.649302
0.651626
0.65236
0.632572
0.644961
0.634925
0.641031
0.643511
0.644013
0.644909
0.649631
0.652502
0.647937
0.656253
0.662279
0.663239
0.656415
0.656791
0.655619
0.655392
0.660194
0.662357
0.667899
0.676385
0.674227
0.672959
0.670822
0.665042
0.685749
0.702135
0.703497
0.705357
0.708016
0.717208
0.710895
0.715894
0.715534
0.706657
0.715281
0.721689
0.724178
0.73892
0.744878
0.747823
0.75585
0.755348
0.749433
0.765534
0.754017
0.761437
0.777996
0.795283
0.790871
0.793753
0.792265
0.800678
0.804582
0.81859
0.794718
0.785178
0.770192
0.781646
0.790352
0.801369
0.795006
0.804092
0.804977
0.813457
0.827782
0.83073
0.812069
0.811324
0.812991
0.834837
0.84168
0.856497
0.837482
0.837641
0.82462
0.828516
0.834869
0.843167
0.842878
0.836565
0.864892
0.882704
0.87278
0.859979
0.869177
0.865213
0.861153
0.855964
0.870527
0.880747
0.865055
0.8399
0.836659
0.830572
0.820349
0.834606
0.828937
0.849821
0.869684
0.879829
0.852723
0.837037
0.841792
0.84579
0.834784
0.850188
0.841163
0.851169
0.861297
0.855959
0.872692
0.844461
0.849203
0.854402
0.868288
0.893084
0.887956
0.913208
0.893026
0.874035
0.846154
0.848343
0.85743
0.845873
0.841542
0.856341
0.875868
0.869819
0.888768
0.862855
0.861909
0.854348
0.85985
0.864824
0.869842
0.866543
0.876817
0.863706
0.827936
0.815423
0.818022
0.833015
0.810598
0.794876
0.801482
0.809823
0.835108
0.83546
0.84684
0.85528
0.858141
0.847216
0.858755
0.846106
0.859437
0.838866
0.841701
0.846746
0.872715
0.865083
0.859325
0.831986
0.84249
0.829165
0.835946
0.8236
0.835806
0.824128
0.803078
0.790562
0.811236
0.827884
0.818807
0.812368
0.82447
0.835149
0.826547
0.817694
0.810554
0.813939
0.821015
0.814964
0.814526
0.826329
0.813139
0.82744
0.819365
0.827954
0.833025
0.825099
0.848746
0.835066
0.836093
0.826428
0.846247
0.849626
0.876111
0.858776
0.836383
0.823701
0.825368
0.82547
0.831892
0.839828
0.834983
0.829651
0.812182
0.812216
0.8272
0.838252
0.832455
0.813259
0.805658
0.811733
0.831757
0.82497
0.843105
0.819465
0.810282
0.797241
0.819755
0.81251
0.809336
0.829791
0.842992
0.853291
0.828667
0.826868
0.824501
0.842431
0.846736
0.847294
0.830224
0.84789
0.835919
0.842149
0.81863
0.82768
0.825408
0.812835
0.79206
0.791438
0.789325
0.776557
0.776863
0.780462
0.774376
0.766505
0.742025
0.747824
0.767304
0.791447
0.805793
0.816731
0.836587
0.839735
0.835219
0.810693
0.812528
0.848391
0.865312
0.851008
0.842661
0.81092
0.819007
0.795961
0.813156
0.816819
0.81247
0.822599
0.826622
0.830384
0.80808
0.801342
0.789222
0.800302
0.82456
0.819532
0.81146
0.785723
0.809398
0.816858
0.807588
0.794574
0.786786
0.803078
0.787539
0.779755
0.773787
0.78446
0.79314
0.797645
0.794256
0.801318
0.80133
0.821353
0.799975
0.800031
0.794771
0.803538
0.787777
0.783875
0.793072
0.790426
0.794582
0.808452
0.819483
0.836569
0.851468
0.865928
0.833294
0.807128
0.791906
0.795014
0.801775
0.781945
0.800303
0.798938
0.817369
0.813555
0.80034
0.810593
0.790988
0.789731
0.776837
0.780323
0.76646
0.7691
0.777689
0.779453
0.755786
0.762405
0.766232
0.751749
0.736016
0.748814
0.730555
0.742685
0.749526
0.767982
0.788313
0.791369
0.778558
0.746887
0.719396
0.721471
0.712737
0.704867
0.722571
0.748415
0.791216
0.75927
0.757961
0.700663
0.703623
0.689655
0.696941
0.702645
0.703724
0.727423
0.732916
0.727048
0.717464
0.70226
0.737868
0.739369
0.745136
0.726204
0.742178
0.722122
0.710185
0.696381
0.701478
0.669065
0.663855
0.651771
0.65654
0.659523
0.682484
0.671679
0.675287
0.679024
0.672895
0.618454
0.592494
0.593946
0.596898
0.598229
0.600371
0.593477
0.586719
0.592723
0.60832
0.541702
0.530649
0.533683
0.498665
0.49373
0.488249
0.490759
0.495289
0.492375
0.5021
0.490687
0.495158
0.477307
0.482512
0.478225
0.475843
0.469697
0.470014
0.47548
0.465106
0.421661
0.4219
0.442267
0.452373
0.449376
0.437938
0.445487
0.441541
0.440372
0.439934
0.402889
0.408936
0.423271
0.425074
0.414851
0.397401
0.394754
0.397113
0.399174
0.392055
0.361338
0.35869
0.359781
0.348306
0.34026
0.341865
0.336947
0.325923
0.324577
0.3244
0.288579
0.291417
0.28456
0.28739
0.28679
0.292139
0.287206
0.289266
0.289003
0.291416
0.119396
0.12539
0.162322
0.165432
0.174304
0.207351
0.268477
0.320252
0.420425
0.657327
0.694387
0.707182
0.576177
0.609994
0.616317
0.582649
0.590406
0.681051
0.662793
0.561067
0.464161
0.468481
0.471781
0.409094
0.409864
0.349562
0.318772
0.320552
0.352972
0.358742
0.359767
0.325045
0.243058
0.241604
0.245095
0.246446
0.277316
0.278037
0.390186
0.390125
0.440643
0.436748
0.431474
0.426156
0.426473
0.425472
0.431407
0.430427
0.43066
0.433861
0.429842
0.430081
0.432455
0.424131
0.425377
0.425366
0.420659
0.422123
0.432959
0.440066
0.415367
0.41372
0.422573
0.418855
0.419837
0.421973
0.423622
0.426153
0.431608
0.431223
0.421521
0.416279
0.41543
0.416185
0.416584
0.418371
0.419398
0.419842
0.421995
0.424186
0.419805
0.426227
0.426065
0.425385
0.422631
0.426884
0.426752
0.428751
0.428622
0.428145
0.425257
0.427321
0.427282
0.425126
0.428029
0.428161
0.428102
0.425483
0.425006
0.438278
0.42842
0.425857
0.414557
0.418046
0.413949
0.413535
0.413359
0.412673
0.413453
0.411594
0.407127
0.405374
0.406926
0.405318
0.401291
0.398279
0.396733
0.397206
0.399725
0.401444
0.399747
0.400409
0.402418
0.404737
0.400809
0.399158
0.39973
0.401362
0.401152
0.401068
0.395812
0.397221
0.396172
0.397545
0.396949
0.398721
0.398345
0.399294
0.401241
0.402581
0.396533
0.395284
0.397736
0.399537
0.399114
0.399791
0.40469
0.4045
0.40326
0.399358
0.398156
0.398849
0.400506
0.400692
0.402715
0.399942
0.402938
0.403519
0.40487
0.405855
0.405112
0.403895
0.405443
0.405729
0.404788
0.403078
0.402609
0.403595
0.403613
0.403327
0.400608
0.399114
0.398143
0.397537
0.397667
0.399051
0.395045
0.395272
0.39439
0.396199
0.394371
0.393047
0.391892
0.395482
0.395008
0.397872
0.398219
0.400768
0.398516
0.402725
0.398416
0.39853
0.395689
0.39808
0.398325
0.398757
0.400201
0.39956
0.405586
0.408111
0.398543
0.395427
0.39287
0.391407
0.390323
0.39223
0.390962
0.391009
0.392807
0.393268
0.393842
0.395714
0.39519
0.395649
0.393914
0.394389
0.392759
0.396468
0.397885
0.396069
0.391896
0.391264
0.391015
0.390162
0.392635
0.391713
0.392078
0.388612
0.389363
0.390042
0.388405
0.386671
0.387667
0.387852
0.388581
0.3886
0.389506
0.389421
0.388499
0.391216
0.388457
0.38899
0.388896
0.387995
0.3877
0.388351
0.388788
0.389621
0.388231
0.388632
0.388845
0.38925
0.388362
0.389573
0.388697
0.38887
0.388169
0.387058
0.386094
0.386081
0.388368
0.388357
0.38821
0.389377
0.389827
0.389016
0.38683
0.389586
0.392505
0.395636
0.395052
0.403463
0.399953
0.401278
0.391902
0.392787
0.391822
0.391727
0.39096
0.393954
0.393862
0.39677
0.397009
0.396031
0.395793
0.394208
0.384716
0.385398
0.385305
0.384675
0.382789
0.383874
0.385075
0.387025
0.386584
0.386526
0.387569
0.387639
0.387581
0.386179
0.385875
0.384216
0.384845
0.382857
0.383626
0.387246
0.386612
0.387042
0.383619
0.380527
0.379369
0.381679
0.383314
0.373976
0.370697
0.370342
0.371778
0.371253
0.382328
0.3809
0.376186
0.377504
0.378496
0.37746
0.374742
0.373546
0.382814
0.383178
0.382859
0.373226
0.382701
0.381608
0.382703
0.374987
0.376354
0.367715
0.364611
0.357537
0.36083
0.360854
0.354539
0.354542
0.355177
0.357769
0.358468
0.361458
0.363116
0.368422
0.368817
0.37124
0.363743
0.355647
0.354692
0.362946
0.364875
0.367894
0.357645
0.361931
0.360591
0.360251
0.360182
0.365257
0.368919
0.369918
0.371055
0.364876
0.367102
0.370121
0.372235
0.373485
0.360327
0.372843
0.37762
0.38068
0.374901
0.359243
0.360861
0.356378
0.356036
0.351736
0.362016
0.353509
0.356807
0.359734
0.359493
0.354147
0.354627
0.3409
0.343216
0.318912
0.337083
0.343425
0.341914
0.322893
0.305558
0.296474
0.290989
0.288207
0.296815
0.301221
0.299534
0.293787
0.294877
0.29375
0.293005
0.294584
0.296687
0.301541
0.303531
0.312313
0.322821
0.328008
0.30983
0.304249
0.287709
0.26575
0.268072
0.26511
0.255987
0.258028
0.268221
0.279989
0.294942
0.316105
0.319524
0.316343
0.324696
0.320942
0.321852
0.317148
0.320018
0.34376
0.337821
0.326841
0.311215
0.317287
0.323898
0.32162
0.316188
0.324307
0.328481
0.329588
0.307787
0.295821
0.310921
0.310397
0.308833
0.280799
0.272565
0.293586
0.323792
0.333236
0.338033
0.318757
0.316738
0.317635
0.335024
0.35354
0.359175
0.345376
0.351714
0.363561
0.37227
0.387789
0.389898
0.399843
0.371567
0.360984
0.381473
0.389478
0.39822
0.370489
0.357537
0.371285
0.368077
0.364038
0.365801
0.363884
0.377692
0.372287
0.394527
0.413258
0.420831
0.402801
0.422271
0.435196
0.468855
0.477102
0.48906
0.470191
0.464745
0.458561
0.462675
0.469614
0.483374
0.488952
0.486589
0.496687
0.501714
0.528581
0.526071
0.538887
0.542865
0.533743
0.546092
0.541201
0.561505
0.555131
0.544647
0.535252
0.54251
0.547257
0.534443
0.5261
0.552472
0.554421
0.597505
0.62141
0.615108
0.589668
0.541704
0.560035
0.55933
0.572099
0.555531
0.564712
0.577406
0.600837
0.642176
0.624573
0.599687
0.557202
0.567337
0.562885
0.568196
0.58646
0.594685
0.606269
0.637275
0.61332
0.591721
0.567372
0.576042
0.602182
0.594468
0.590081
0.571272
0.586229
0.60434
0.625203
0.639552
0.660781
0.643343
0.625702
0.612199
0.617379
0.643815
0.641954
0.646386
0.648883
0.638921
0.656819
0.646455
0.635237
0.661678
0.70224
0.726501
0.707888
0.685822
0.684234
0.692174
0.702564
0.723203
0.723691
0.709904
0.718868
0.731327
0.760026
0.745265
0.73919
0.708772
0.718775
0.720156
0.710786
0.726504
0.721485
0.75193
0.756011
0.765485
0.755009
0.754519
0.742012
0.715269
0.716076
0.703302
0.730841
0.747649
0.768683
0.757847
0.741409
0.702836
0.700258
0.724838
0.708655
0.726586
0.709316
0.717508
0.728076
0.728011
0.699394
0.647267
0.646943
0.671404
0.669198
0.649055
0.642348
0.651365
0.647417
0.639001
0.639291
0.651985
0.658407
0.641508
0.62586
0.617363
0.618133
0.609968
0.620471
0.629849
0.636973
0.626892
0.623433
0.624839
0.603923
0.60156
0.615356
0.603791
0.601497
0.59451
0.608511
0.589537
0.607023
0.606239
0.617746
0.607611
0.580333
0.57313
0.577443
0.589848
0.577085
0.57964
0.588003
0.620305
0.624045
0.629441
0.620402
0.631728
0.647811
0.645227
0.628329
0.631407
0.639045
0.644868
0.656605
0.644351
0.642425
0.659007
0.650891
0.663806
0.681186
0.68383
0.672609
0.661688
0.65426
0.655521
0.661508
0.661396
0.681028
0.662358
0.666332
0.653949
0.636534
0.640932
0.63664
0.642888
0.651495
0.655926
0.657347
0.656824
0.631806
0.63443
0.640653
0.643635
0.657809
0.644325
0.646132
0.644042
0.645158
0.645401
0.629297
0.643459
0.650025
0.650872
0.62978
0.635316
0.63134
0.62669
0.638549
0.624363
0.642874
0.640265
0.637193
0.627627
0.635573
0.617861
0.620338
0.590845
0.594648
0.600938
0.619555
0.612961
0.604849
0.598646
0.600876
0.612759
0.60652
0.599369
0.587471
0.579556
0.566698
0.572554
0.574073
0.58435
0.584268
0.589499
0.587831
0.600737
0.61774
0.621904
0.616761
0.63205
0.627079
0.63664
0.621102
0.633416
0.630815
0.635916
0.640423
0.635323
0.637853
0.657436
0.658608
0.658309
0.643457
0.636873
0.620322
0.614009
0.619385
0.618384
0.630016
0.6213
0.60091
0.594757
0.590568
0.610748
0.629689
0.636098
0.639262
0.632853
0.645055
0.634362
0.637388
0.629157
0.638117
0.657598
0.670913
0.673971
0.683937
0.666386
0.6679
0.672964
0.686061
0.687415
0.675578
0.682136
0.672881
0.648768
0.663537
0.671219
0.671163
0.67343
0.678375
0.684297
0.682019
0.66189
0.663935
0.670369
0.669678
0.660567
0.667988
0.662242
0.677245
0.681662
0.677767
0.671438
0.669415
0.683825
0.694194
0.700992
0.705571
0.698788
0.695472
0.697869
0.678052
0.673687
0.681034
0.683421
0.685402
0.687145
0.700575
0.69853
0.708304
0.706553
0.713516
0.701837
0.691295
0.680501
0.689085
0.694275
0.682264
0.655085
0.667043
0.679896
0.653601
0.653163
0.657135
0.690896
0.690207
0.703286
0.68732
0.668088
0.672635
0.657552
0.658604
0.657577
0.659846
0.65379
0.641007
0.659717
0.662477
0.662388
0.668664
0.673579
0.681594
0.682222
0.673877
0.643122
0.657616
0.645699
0.665259
0.657063
0.653502
0.647618
0.65185
0.637465
0.632433
0.647835
0.652823
0.667749
0.662756
0.668513
0.647128
0.662916
0.660138
0.648857
0.639468
0.641996
0.651446
0.664961
0.666872
0.649426
0.645944
0.651526
0.661311
0.663314
0.654612
0.65726
0.666308
0.661406
0.663376
0.651536
0.655328
0.664552
0.671049
0.673096
0.674098
0.685644
0.689156
0.69405
0.692463
0.677005
0.671507
0.671135
0.661483
0.661951
0.663658
0.659043
0.652692
0.662481
0.660612
0.691165
0.681703
0.6723
0.67629
0.662083
0.663773
0.666386
0.667192
0.663988
0.65589
0.66766
0.668573
0.664153
0.654087
0.658913
0.668653
0.670333
0.675092
0.672472
0.680135
0.689728
0.701463
0.692888
0.686095
0.686371
0.700211
0.708636
0.702988
0.700722
0.72307
0.726764
0.726085
0.715358
0.708851
0.715707
0.688072
0.691523
0.674365
0.669996
0.681247
0.687705
0.683457
0.679976
0.684947
0.687517
0.693416
0.701439
0.69902
0.687705
0.70332
0.701668
0.720747
0.731071
0.738136
0.725071
0.70959
0.706838
0.71818
0.71639
0.73239
0.724414
0.735151
0.741698
0.745051
0.750494
0.75536
0.759053
0.771852
0.758851
0.741277
0.734074
0.756005
0.75264
0.758426
0.761947
0.7622
0.765837
0.748991
0.755607
0.753856
0.763526
0.768748
0.776332
0.778685
0.752848
0.735656
0.746003
0.752963
0.765163
0.750949
0.761372
0.776587
0.765168
0.753729
0.748237
0.760911
0.756448
0.747694
0.75004
0.754258
0.78348
0.785072
0.784059
0.776496
0.785004
0.792994
0.795872
0.799344
0.789219
0.790764
0.786239
0.792801
0.819035
0.834164
0.8372
0.819409
0.819365
0.813788
0.8328
0.819983
0.827236
0.813243
0.810089
0.820077
0.843651
0.844724
0.833009
0.832044
0.839876
0.838043
0.829241
0.821558
0.827423
0.831354
0.845232
0.82902
0.822406
0.81466
0.819732
0.838037
0.858856
0.849265
0.853873
0.859573
0.851037
0.863619
0.859918
0.871229
0.83788
0.826695
0.83233
0.830389
0.84266
0.851871
0.843851
0.842096
0.843849
0.840573
0.831781
0.860515
0.848387
0.873096
0.879498
0.882277
0.869006
0.859564
0.864412
0.862464
0.851312
0.840475
0.851897
0.830736
0.81951
0.824564
0.842262
0.847837
0.855438
0.851531
0.843105
0.866409
0.876869
0.887071
0.888242
0.869434
0.879671
0.910073
0.916881
0.902103
0.903277
0.918015
0.910649
0.901333
0.91679
0.939621
0.934931
0.917191
0.886843
0.881095
0.868815
0.867948
0.894334
0.898575
0.868032
0.838199
0.86906
0.856631
0.869319
0.869597
0.850705
0.839982
0.828826
0.827498
0.812788
0.807649
0.83771
0.838089
0.841783
0.849796
0.85278
0.859801
0.816263
0.832335
0.860724
0.898743
0.908306
0.891822
0.873189
0.841596
0.84922
0.848107
0.850643
0.866438
0.872203
0.850983
0.84938
0.85699
0.8385
0.83412
0.852601
0.84732
0.847482
0.824214
0.817603
0.809187
0.843564
0.8546
0.835373
0.826147
0.823961
0.866098
0.873831
0.878254
0.858408
0.851318
0.851915
0.86522
0.862165
0.839203
0.846561
0.853372
0.846116
0.832459
0.819476
0.812437
0.821728
0.812735
0.823647
0.826754
0.864568
0.87143
0.875927
0.830219
0.83738
0.832724
0.830786
0.811767
0.799835
0.804256
0.804571
0.815261
0.816154
0.82637
0.801146
0.78695
0.793831
0.802742
0.806039
0.810224
0.794174
0.790427
0.773068
0.768239
0.766535
0.792995
0.806217
0.804846
0.790719
0.808343
0.802529
0.807841
0.816596
0.795285
0.797642
0.79432
0.79971
0.798875
0.784138
0.7773
0.785971
0.800062
0.78793
0.773836
0.764736
0.776014
0.763403
0.781723
0.777536
0.794051
0.803625
0.82071
0.788263
0.785545
0.775596
0.780353
0.787288
0.786499
0.795944
0.807183
0.796345
0.786213
0.782742
0.771748
0.785728
0.781307
0.77824
0.778073
0.784463
0.81896
0.831987
0.829329
0.810009
0.782651
0.776455
0.767666
0.769527
0.755721
0.755215
0.737149
0.728699
0.714474
0.714544
0.714928
0.710233
0.715183
0.712423
0.732298
0.738721
0.741583
0.718859
0.71527
0.717049
0.740346
0.752686
0.760811
0.743028
0.752522
0.76299
0.762054
0.775733
0.776766
0.771591
0.810703
0.817371
0.820786
0.799013
0.798299
0.789463
0.793841
0.769804
0.771112
0.757485
0.751752
0.74368
0.734513
0.744424
0.745463
0.747568
0.759044
0.760898
0.750812
0.732726
0.71381
0.728593
0.724
0.720989
0.712934
0.727288
0.746321
0.750399
0.793331
0.766938
0.746916
0.72316
0.719609
0.700188
0.714066
0.726133
0.722836
0.71699
0.702887
0.682012
0.690785
0.717307
0.7487
0.742086
0.705684
0.699019
0.730453
0.74092
0.718005
0.69098
0.679831
0.668035
0.653339
0.684345
0.682129
0.676206
0.678345
0.678224
0.667284
0.643072
0.638644
0.640037
0.647198
0.655146
0.662211
0.678074
0.661903
0.652592
0.655605
0.639323
0.644469
0.655463
0.664071
0.641485
0.635985
0.628991
0.642565
0.641624
0.63936
0.630347
0.636996
0.651843
0.656161
0.653832
0.658632
0.660505
0.655509
0.655799
0.652421
0.584105
0.599609
0.591787
0.60842
0.604434
0.61642
0.600333
0.585814
0.580319
0.587366
0.554531
0.545107
0.53781
0.516236
0.543221
0.537869
0.535702
0.514379
0.504823
0.510322
0.497763
0.500267
0.493817
0.483573
0.48276
0.49787
0.512126
0.516007
0.510692
0.490926
0.470389
0.4667
0.453323
0.450356
0.449006
0.45357
0.453889
0.439332
0.448363
0.461235
0.438366
0.438516
0.431586
0.423126
0.422642
0.414269
0.399813
0.399025
0.404975
0.403443
0.381116
0.391038
0.388438
0.396802
0.381502
0.385311
0.383881
0.388285
0.381819
0.371905
0.346175
0.346736
0.332011
0.329182
0.337281
0.34628
0.353134
0.339622
0.336849
0.338504
0.153118
0.190714
0.225333
0.302441
0.303767
0.341039
0.343672
0.451984
0.569237
0.739462
0.694373
0.594031
0.495814
0.422548
0.448912
0.450883
0.496556
0.523455
0.55856
0.564039
0.559291
0.617481
0.56892
0.475475
0.393745
0.364328
0.371749
0.469503
0.412463
0.475245
0.508088
0.538724
0.427683
0.276033
0.246206
0.271087
0.200759
0.201195
0.203471
0.272788
0.442391
0.446877
0.448356
0.444186
0.446738
0.457722
0.458511
0.462901
0.455345
0.46174
0.456027
0.459066
0.45894
0.473004
0.474183
0.475395
0.463994
0.460382
0.461416
0.461072
0.443439
0.444934
0.445207
0.444366
0.433119
0.435219
0.43541
0.437704
0.441424
0.438913
0.433553
0.433615
0.434381
0.432099
0.431203
0.42708
0.42998
0.448365
0.452865
0.453741
0.429351
0.434897
0.442058
0.443969
0.443335
0.446902
0.44605
0.444253
0.444671
0.448261
0.443686
0.44544
0.446785
0.443935
0.444875
0.444261
0.44494
0.446794
0.447655
0.445761
0.437637
0.43717
0.433595
0.43485
0.434306
0.432499
0.427679
0.42857
0.428027
0.429209
0.418715
0.415737
0.414576
0.41617
0.420385
0.421402
0.42292
0.419795
0.419931
0.422517
0.418918
0.419697
0.418958
0.418899
0.417482
0.418057
0.417609
0.416436
0.416266
0.416212
0.412942
0.417993
0.417468
0.418016
0.413984
0.416215
0.415407
0.415009
0.416465
0.417699
0.414092
0.409749
0.411927
0.410469
0.410193
0.408396
0.414491
0.419305
0.425556
0.422366
0.420456
0.413209
0.412042
0.413043
0.414299
0.420131
0.422605
0.422179
0.421014
0.420023
0.412242
0.413445
0.415827
0.415964
0.41752
0.415364
0.419091
0.41965
0.417302
0.419281
0.415766
0.418027
0.417831
0.4168
0.414602
0.415399
0.417176
0.417936
0.419105
0.417122
0.418243
0.425507
0.427103
0.421762
0.411371
0.411919
0.415956
0.419308
0.420593
0.4287
0.422604
0.421235
0.414463
0.416579
0.417876
0.418457
0.418492
0.418459
0.422897
0.42286
0.41558
0.411194
0.412617
0.412542
0.411649
0.410677
0.413225
0.412193
0.410882
0.407311
0.407987
0.407482
0.406901
0.407378
0.406244
0.404956
0.418599
0.421261
0.420911
0.410649
0.407876
0.408263
0.408388
0.409833
0.405685
0.406412
0.405077
0.408014
0.410081
0.409778
0.407843
0.408553
0.407358
0.406267
0.408498
0.408554
0.412095
0.413333
0.411649
0.410376
0.397098
0.399956
0.401975
0.399433
0.400703
0.401243
0.403077
0.402881
0.403477
0.403545
0.403006
0.403052
0.403121
0.402966
0.401447
0.400031
0.399946
0.40554
0.413994
0.415992
0.413166
0.405725
0.405858
0.40531
0.411797
0.412898
0.416297
0.409608
0.408861
0.408939
0.406575
0.408067
0.407508
0.409942
0.413106
0.413212
0.416783
0.411243
0.413311
0.41218
0.408583
0.419706
0.42104
0.42317
0.411714
0.411535
0.41067
0.408907
0.408203
0.417013
0.427559
0.428142
0.417984
0.408905
0.409494
0.408023
0.407289
0.417754
0.417546
0.418245
0.404335
0.409282
0.413955
0.416964
0.432364
0.431016
0.431813
0.423643
0.425401
0.429411
0.429877
0.43665
0.437168
0.427643
0.425475
0.423826
0.42595
0.428137
0.4308
0.430059
0.429609
0.427466
0.43224
0.429001
0.432208
0.432917
0.435438
0.434736
0.423087
0.422688
0.410004
0.416495
0.411839
0.41255
0.401108
0.402046
0.393626
0.395931
0.390114
0.391413
0.391777
0.394352
0.394923
0.395274
0.395478
0.397355
0.396581
0.400628
0.402914
0.404496
0.395225
0.382516
0.388785
0.399788
0.40484
0.40685
0.3969
0.396657
0.397552
0.38671
0.396286
0.386377
0.376729
0.370578
0.37066
0.368591
0.366947
0.361419
0.363182
0.383874
0.383189
0.385126
0.37405
0.377498
0.376365
0.377362
0.377546
0.384291
0.376464
0.37881
0.371495
0.377336
0.382271
0.384235
0.372884
0.378221
0.36901
0.3684
0.359247
0.356683
0.354799
0.358807
0.371532
0.366223
0.357571
0.323183
0.331047
0.329662
0.327245
0.316283
0.302595
0.302608
0.291703
0.292323
0.285933
0.286719
0.287835
0.285911
0.291848
0.282983
0.284177
0.289385
0.293706
0.283438
0.289726
0.287158
0.285142
0.277955
0.272051
0.28494
0.270928
0.268737
0.25985
0.262146
0.264827
0.262149
0.269136
0.271332
0.275645
0.277476
0.28059
0.289168
0.291457
0.288793
0.275188
0.291769
0.315203
0.329136
0.328285
0.316474
0.328898
0.32302
0.349284
0.322515
0.293872
0.293256
0.299985
0.319981
0.304574
0.309297
0.342334
0.359007
0.361883
0.342508
0.329799
0.348731
0.35009
0.347998
0.354615
0.351677
0.345152
0.32028
0.353336
0.387999
0.393673
0.369625
0.347183
0.34102
0.374133
0.374468
0.396449
0.384948
0.402392
0.400487
0.411006
0.429583
0.426298
0.408725
0.393489
0.422725
0.434357
0.472485
0.476177
0.489711
0.491547
0.477961
0.472298
0.460309
0.462068
0.457111
0.45155
0.458113
0.470543
0.466907
0.486718
0.483504
0.506483
0.504709
0.493426
0.494783
0.511904
0.534921
0.521447
0.523841
0.515805
0.51422
0.560427
0.5643
0.566461
0.534636
0.581048
0.574482
0.594388
0.581356
0.573915
0.566579
0.543395
0.559285
0.591268
0.615528
0.596172
0.572695
0.57865
0.579931
0.605833
0.605466
0.622633
0.601267
0.621479
0.613425
0.6657
0.678898
0.711654
0.667205
0.658049
0.636605
0.666573
0.682783
0.717096
0.700332
0.685918
0.665503
0.707599
0.712298
0.779099
0.780473
0.786437
0.709369
0.684278
0.694126
0.708112
0.722127
0.717102
0.71788
0.708767
0.70712
0.733816
0.784379
0.770114
0.76962
0.740432
0.748344
0.74456
0.742661
0.746081
0.734391
0.768093
0.766078
0.78003
0.763565
0.77015
0.769483
0.792643
0.780957
0.770133
0.760485
0.752561
0.770627
0.768304
0.795623
0.767089
0.754603
0.750482
0.722331
0.739893
0.75559
0.747383
0.734027
0.731587
0.76
0.734197
0.727611
0.695635
0.680428
0.693687
0.695542
0.695796
0.709977
0.71807
0.726498
0.718637
0.742341
0.740191
0.722421
0.706853
0.715395
0.734159
0.771767
0.786054
0.772065
0.727852
0.703954
0.692742
0.703933
0.709072
0.720203
0.733107
0.736217
0.772009
0.743404
0.733929
0.691581
0.69402
0.70014
0.721277
0.729536
0.745505
0.730765
0.715305
0.683669
0.700098
0.703073
0.702381
0.678356
0.694441
0.695831
0.712412
0.713346
0.71572
0.707476
0.675975
0.671891
0.64291
0.675011
0.694056
0.70331
0.676347
0.663782
0.66051
0.659165
0.628912
0.653359
0.66276
0.655464
0.660892
0.684548
0.686973
0.734091
0.7256
0.719957
0.695207
0.70208
0.693364
0.706172
0.696616
0.701665
0.690402
0.705328
0.708846
0.725205
0.694934
0.700698
0.709915
0.728533
0.718898
0.699744
0.691089
0.693975
0.704368
0.712641
0.727522
0.714874
0.692844
0.68892
0.679551
0.685571
0.673302
0.681139
0.676491
0.68858
0.683285
0.702271
0.678327
0.677631
0.650141
0.66545
0.655233
0.654825
0.670363
0.674711
0.665785
0.679031
0.677706
0.671418
0.668229
0.680194
0.680972
0.669846
0.671683
0.668356
0.663676
0.660505
0.651282
0.6496
0.661668
0.681012
0.673373
0.678991
0.665299
0.681341
0.664107
0.661462
0.642994
0.651049
0.631776
0.636194
0.638124
0.634344
0.627618
0.625646
0.621378
0.624237
0.643424
0.638389
0.661639
0.647856
0.660686
0.6578
0.64313
0.646488
0.643281
0.664298
0.665475
0.655963
0.633915
0.639985
0.632301
0.623736
0.636842
0.630067
0.658646
0.646309
0.635781
0.636308
0.621997
0.631112
0.623641
0.606441
0.58582
0.579606
0.595302
0.601286
0.61941
0.603481
0.607043
0.585062
0.574171
0.563104
0.550463
0.545279
0.563228
0.576595
0.594973
0.599919
0.575374
0.580343
0.594689
0.597983
0.619414
0.605513
0.630777
0.621562
0.63105
0.640999
0.633592
0.633075
0.633044
0.637034
0.646064
0.642083
0.637782
0.657865
0.653804
0.660835
0.653691
0.658197
0.659807
0.657209
0.638888
0.633352
0.627601
0.643921
0.645663
0.637436
0.630074
0.65748
0.651769
0.656199
0.647518
0.654166
0.639896
0.635727
0.621539
0.613508
0.622152
0.638636
0.65607
0.666511
0.667779
0.6739
0.67157
0.645706
0.652435
0.657751
0.667683
0.653182
0.678662
0.694867
0.696487
0.697671
0.6915
0.687793
0.695882
0.695334
0.6891
0.683625
0.678041
0.691164
0.687606
0.703167
0.682049
0.687427
0.669708
0.683304
0.690744
0.70376
0.722973
0.730177
0.73443
0.712219
0.70507
0.692585
0.700631
0.704954
0.703113
0.71459
0.704007
0.704631
0.699507
0.6912
0.6798
0.672576
0.703173
0.70621
0.705265
0.705595
0.704766
0.704018
0.722681
0.708906
0.711108
0.692633
0.69173
0.702811
0.69593
0.68929
0.686135
0.708539
0.699873
0.69391
0.675235
0.66905
0.661603
0.660231
0.664597
0.644422
0.644552
0.649407
0.656509
0.666694
0.647992
0.642609
0.622146
0.630002
0.627165
0.632311
0.634569
0.63909
0.651249
0.652198
0.645734
0.641176
0.643024
0.645516
0.642912
0.65059
0.653742
0.649562
0.657832
0.646822
0.654635
0.655659
0.655451
0.666223
0.667603
0.67312
0.657474
0.65175
0.648846
0.651777
0.664201
0.660623
0.642394
0.642865
0.637739
0.637205
0.630798
0.622774
0.612495
0.618876
0.619372
0.604887
0.596587
0.583404
0.600489
0.603226
0.623591
0.638245
0.640771
0.626151
0.605441
0.603112
0.611876
0.611834
0.608657
0.610146
0.604074
0.591652
0.584278
0.595899
0.597011
0.58938
0.611967
0.621507
0.622037
0.609666
0.60282
0.608117
0.604733
0.616714
0.636843
0.64401
0.642983
0.651158
0.644478
0.640957
0.644623
0.650573
0.667858
0.681747
0.690783
0.698834
0.715722
0.703774
0.72018
0.726858
0.724999
0.715102
0.722673
0.732911
0.749906
0.745948
0.737433
0.738597
0.756029
0.761596
0.763756
0.763618
0.76943
0.761458
0.754031
0.760513
0.777033
0.77295
0.769741
0.750675
0.766286
0.75554
0.75066
0.731402
0.74588
0.737194
0.7597
0.754176
0.751624
0.731932
0.740441
0.735889
0.733998
0.748456
0.756912
0.772341
0.7839
0.786762
0.788384
0.803221
0.826322
0.814818
0.80811
0.7996
0.807964
0.80232
0.796488
0.792316
0.806801
0.792401
0.799039
0.778684
0.778993
0.770145
0.786677
0.78872
0.788192
0.790628
0.796718
0.799247
0.805668
0.815596
0.826846
0.831829
0.812098
0.81224
0.806422
0.81078
0.807774
0.810239
0.810574
0.805733
0.825446
0.828747
0.832619
0.817959
0.823515
0.838706
0.824718
0.816854
0.800343
0.795039
0.825217
0.874613
0.867235
0.877715
0.860354
0.848015
0.853125
0.858998
0.857905
0.852425
0.867257
0.869205
0.857505
0.863211
0.867666
0.864475
0.870374
0.856895
0.851082
0.86945
0.873448
0.869209
0.876425
0.869894
0.873825
0.880463
0.876025
0.889773
0.878113
0.873763
0.851729
0.851369
0.86017
0.878984
0.886326
0.89603
0.89314
0.879046
0.869812
0.863143
0.857289
0.855442
0.849393
0.858322
0.882816
0.89625
0.868723
0.847332
0.837972
0.847507
0.858117
0.852954
0.845054
0.822594
0.806687
0.807071
0.814893
0.81083
0.834618
0.819904
0.809795
0.804105
0.81783
0.834984
0.838819
0.852887
0.833354
0.834533
0.845939
0.857235
0.860894
0.846674
0.839095
0.834542
0.832643
0.837442
0.825256
0.824416
0.824263
0.830048
0.84621
0.857346
0.875031
0.847521
0.887299
0.885089
0.90772
0.88187
0.879551
0.839112
0.832719
0.822124
0.844325
0.860773
0.8805
0.859969
0.847432
0.85089
0.871516
0.866016
0.893031
0.911287
0.897706
0.884371
0.857463
0.861843
0.873907
0.856774
0.871232
0.865293
0.876702
0.87641
0.858507
0.868004
0.881542
0.884174
0.877957
0.859835
0.860574
0.861313
0.846955
0.860422
0.85254
0.856258
0.869107
0.863923
0.869863
0.855434
0.854662
0.880508
0.873417
0.87757
0.870165
0.848561
0.841172
0.865354
0.864919
0.858667
0.837584
0.836005
0.842129
0.838364
0.866565
0.852556
0.837433
0.796821
0.802278
0.800398
0.821522
0.820115
0.834235
0.819803
0.830299
0.819548
0.816665
0.793502
0.805618
0.821395
0.822442
0.81529
0.794547
0.800702
0.821606
0.841487
0.838449
0.83571
0.830849
0.846909
0.84306
0.850698
0.849716
0.849245
0.852559
0.85172
0.848039
0.818079
0.807762
0.810122
0.824223
0.812976
0.812285
0.808504
0.814198
0.800128
0.825406
0.823442
0.846874
0.824936
0.810752
0.814924
0.809661
0.804608
0.823293
0.813257
0.813658
0.807466
0.810441
0.807052
0.820965
0.817132
0.81938
0.811036
0.808093
0.80412
0.811752
0.817616
0.812016
0.809279
0.815087
0.816052
0.83212
0.836243
0.844346
0.841634
0.844708
0.847893
0.86419
0.854861
0.863886
0.858413
0.84916
0.844463
0.828268
0.823545
0.811922
0.800056
0.813876
0.820867
0.810206
0.811374
0.837011
0.836076
0.843779
0.840609
0.831143
0.819137
0.789026
0.778553
0.771465
0.766933
0.772448
0.785247
0.776559
0.782368
0.773056
0.771671
0.755127
0.73477
0.746484
0.753999
0.756226
0.763396
0.777421
0.78124
0.772619
0.753913
0.759433
0.756457
0.774252
0.789215
0.791726
0.774949
0.702774
0.709431
0.722245
0.739193
0.746381
0.739132
0.723203
0.698073
0.680245
0.671518
0.680585
0.687625
0.696539
0.671281
0.678753
0.687588
0.709574
0.728322
0.724854
0.718439
0.689406
0.690814
0.696064
0.697181
0.696911
0.693093
0.701618
0.700758
0.705481
0.733053
0.749296
0.745896
0.742382
0.721163
0.706289
0.690056
0.677069
0.679573
0.696574
0.714193
0.688762
0.690131
0.682461
0.681603
0.701183
0.680338
0.66958
0.645184
0.642353
0.652174
0.611348
0.620599
0.601747
0.620371
0.628007
0.640992
0.634907
0.641893
0.637781
0.634411
0.554889
0.542289
0.571164
0.599489
0.619547
0.603987
0.581666
0.590504
0.588714
0.60148
0.541237
0.537972
0.519447
0.525829
0.539852
0.554033
0.547059
0.527884
0.510506
0.517901
0.474702
0.472255
0.465515
0.485306
0.497136
0.493727
0.482096
0.486817
0.490775
0.481403
0.439474
0.439457
0.44574
0.438756
0.438534
0.43438
0.451594
0.44318
0.460939
0.451264
0.429472
0.412897
0.414313
0.433966
0.432297
0.415745
0.390525
0.402698
0.410908
0.412413
0.359503
0.348002
0.340298
0.33844
0.347955
0.345482
0.341685
0.333265
0.341766
0.347344
0.082798
0.089163
0.092709
0.125842
0.159538
0.191386
0.193936
0.193753
0.197271
0.201667
0.165941
0.196389
0.198297
0.201216
0.278324
0.280026
0.375944
0.299869
0.303435
0.244606
0.396592
0.400695
0.405459
0.198869
0.198041
0.202457
0.202984
0.300001
0.303224
0.305324
0.226782
0.19456
0.198137
0.201554
0.203203
0.20477
0.203343
0.207086
0.208055
0.211582
0.435788
0.436424
0.434251
0.444712
0.444836
0.440969
0.43987
0.436257
0.440384
0.440436
0.436246
0.432079
0.438684
0.44824
0.452866
0.451245
0.445404
0.454534
0.457247
0.457076
0.430342
0.441262
0.439367
0.441556
0.432676
0.433313
0.432278
0.443114
0.445565
0.447539
0.428833
0.428861
0.427188
0.427964
0.427843
0.427696
0.429195
0.429881
0.438274
0.439697
0.430502
0.443296
0.446357
0.444017
0.430012
0.432573
0.431922
0.438639
0.439341
0.442956
0.433357
0.431772
0.42906
0.428452
0.431648
0.436163
0.438414
0.439724
0.436524
0.435707
0.427836
0.430119
0.429852
0.429533
0.428858
0.425295
0.426054
0.42761
0.428366
0.428767
0.428067
0.428154
0.429527
0.431022
0.432818
0.433909
0.430825
0.429473
0.428043
0.42843
0.417563
0.415684
0.415263
0.41484
0.415394
0.418413
0.416753
0.415278
0.423469
0.423657
0.422673
0.419377
0.416827
0.415291
0.413547
0.414879
0.414977
0.415486
0.418273
0.421806
0.419658
0.417725
0.414223
0.414866
0.415428
0.417081
0.417172
0.419956
0.415011
0.41457
0.415094
0.419328
0.417702
0.420604
0.420553
0.420808
0.420839
0.420746
0.42139
0.421561
0.419552
0.418456
0.418338
0.418222
0.418637
0.418604
0.417197
0.415469
0.415085
0.415936
0.417488
0.423355
0.42445
0.424778
0.423501
0.423143
0.422874
0.416113
0.414566
0.417889
0.416211
0.416647
0.41894
0.422519
0.42373
0.420524
0.419978
0.422399
0.423257
0.422909
0.424709
0.42577
0.423861
0.424855
0.424849
0.426067
0.425194
0.422043
0.423976
0.424932
0.425291
0.423979
0.424369
0.42568
0.425821
0.42588
0.426573
0.424092
0.422982
0.422645
0.413
0.414788
0.414495
0.418366
0.41619
0.416158
0.412135
0.411216
0.41142
0.41218
0.404045
0.41686
0.418676
0.417092
0.407502
0.407027
0.407034
0.40884
0.409463
0.409794
0.407002
0.410152
0.410551
0.408926
0.409957
0.408838
0.408554
0.412673
0.413857
0.414307
0.40171
0.400893
0.403374
0.405683
0.40593
0.404077
0.404445
0.403675
0.402727
0.404335
0.403954
0.405709
0.408592
0.40803
0.406538
0.407517
0.406638
0.407702
0.405408
0.405434
0.402594
0.402204
0.402406
0.402165
0.403487
0.405634
0.407639
0.407989
0.407791
0.408646
0.413842
0.41681
0.415
0.416586
0.420039
0.421039
0.420825
0.419661
0.420357
0.421233
0.416865
0.417832
0.417081
0.416569
0.415184
0.417091
0.417204
0.41789
0.420124
0.421045
0.415322
0.415984
0.417161
0.415287
0.414868
0.415251
0.416064
0.417828
0.418007
0.416599
0.417684
0.418611
0.421219
0.42001
0.423325
0.421001
0.422794
0.420914
0.417245
0.412011
0.411613
0.410795
0.413107
0.415125
0.41546
0.420622
0.423297
0.432529
0.432217
0.425824
0.418031
0.420101
0.419677
0.417269
0.41376
0.416648
0.416451
0.420073
0.427575
0.427739
0.425875
0.419434
0.419226
0.432867
0.43198
0.432483
0.423602
0.423337
0.425168
0.4212
0.43334
0.43109
0.43166
0.423504
0.427809
0.427625
0.42916
0.4257
0.426139
0.409546
0.399968
0.394434
0.411237
0.41032
0.412371
0.402251
0.395689
0.400582
0.414749
0.41956
0.414974
0.410851
0.419541
0.422343
0.425938
0.422716
0.422756
0.421533
0.42065
0.428042
0.43972
0.436422
0.429323
0.435551
0.435217
0.44806
0.438776
0.440635
0.436459
0.44534
0.450289
0.447851
0.434998
0.434805
0.437266
0.423601
0.438222
0.43095
0.438984
0.432241
0.450545
0.439606
0.450422
0.43017
0.43272
0.434733
0.455023
0.456959
0.444503
0.421228
0.417688
0.449199
0.466472
0.47468
0.464644
0.459636
0.445594
0.423756
0.420532
0.418753
0.452747
0.460238
0.446611
0.412847
0.402105
0.407778
0.385236
0.373407
0.374899
0.390037
0.428703
0.425559
0.438296
0.42804
0.431819
0.463539
0.474707
0.481576
0.469623
0.496829
0.52551
0.522192
0.514891
0.494234
0.508141
0.528479
0.552006
0.536485
0.50059
0.48011
0.52027
0.517505
0.499656
0.510355
0.522787
0.543729
0.513694
0.497103
0.505507
0.519698
0.517803
0.529589
0.546942
0.544042
0.54004
0.537362
0.581182
0.598074
0.589224
0.566965
0.562794
0.559891
0.569465
0.52997
0.544395
0.566112
0.582731
0.56914
0.553332
0.566262
0.541958
0.576074
0.552386
0.565515
0.551801
0.575889
0.582476
0.581886
0.598646
0.58449
0.578964
0.572368
0.578016
0.622866
0.656024
0.67797
0.674397
0.666067
0.674282
0.667153
0.633
0.633841
0.637655
0.629026
0.64082
0.62992
0.623777
0.631231
0.658005
0.687804
0.660366
0.645348
0.61733
0.626589
0.628466
0.627217
0.61921
0.6182
0.633071
0.646864
0.572533
0.562234
0.575855
0.580156
0.602612
0.605019
0.590955
0.609084
0.604825
0.593131
0.515312
0.525912
0.51932
0.516413
0.517983
0.519158
0.537203
0.541268
0.533879
0.509983
0.513519
0.492842
0.506167
0.482387
0.489309
0.475322
0.489261
0.49187
0.521195
0.519227
0.516585
0.530494
0.510786
0.506714
0.493891
0.510331
0.516676
0.527555
0.533799
0.54674
0.541795
0.564095
0.556589
0.558045
0.524748
0.537499
0.560449
0.551902
0.557809
0.543759
0.536737
0.520289
0.51732
0.535742
0.541622
0.527988
0.549751
0.558503
0.560237
0.532028
0.524046
0.526565
0.552734
0.5757
0.579022
0.559054
0.549148
0.550728
0.553973
0.547162
0.554218
0.574984
0.572115
0.564967
0.562923
0.576788
0.578871
0.566771
0.561097
0.557454
0.530067
0.541784
0.542666
0.557459
0.551356
0.555321
0.553275
0.549951
0.540016
0.53202
0.51274
0.516663
0.521132
0.513866
0.508951
0.498705
0.516102
0.531323
0.535671
0.53852
0.52206
0.503402
0.486355
0.486304
0.497538
0.494226
0.496648
0.499147
0.502552
0.529154
0.497114
0.485107
0.479171
0.481954
0.473112
0.451643
0.448809
0.460321
0.474991
0.488383
0.478222
0.479162
0.490143
0.497371
0.495145
0.494884
0.490527
0.486765
0.478038
0.482333
0.49211
0.498637
0.486366
0.467568
0.469194
0.468993
0.475362
0.47308
0.466222
0.464245
0.453831
0.447534
0.439772
0.43283
0.428176
0.437294
0.436892
0.440214
0.438894
0.455434
0.447163
0.450339
0.452672
0.458986
0.448832
0.446766
0.440653
0.430837
0.443362
0.447755
0.456916
0.458166
0.470708
0.470112
0.457303
0.452326
0.441223
0.431357
0.44276
0.436138
0.423889
0.400498
0.389724
0.392401
0.399173
0.406526
0.401617
0.411483
0.416647
0.402745
0.41661
0.424001
0.423336
0.418037
0.434579
0.438118
0.43103
0.43589
0.440649
0.443825
0.423791
0.42764
0.429995
0.421259
0.407872
0.413334
0.412014
0.420875
0.416197
0.426227
0.407386
0.404634
0.409409
0.403015
0.417083
0.418742
0.428555
0.434639
0.415445
0.417314
0.395607
0.411487
0.418605
0.424044
0.411553
0.420581
0.418324
0.426569
0.403922
0.404573
0.411494
0.413687
0.411587
0.40802
0.409076
0.413583
0.412013
0.407718
0.421207
0.422809
0.439177
0.447092
0.437358
0.427116
0.41563
0.416852
0.423167
0.427363
0.422886
0.41896
0.420161
0.400743
0.406795
0.415501
0.418739
0.421952
0.406335
0.39668
0.400498
0.412402
0.409215
0.429021
0.434265
0.448467
0.440529
0.439391
0.427436
0.426999
0.426878
0.437068
0.441008
0.447734
0.45613
0.467505
0.457928
0.451537
0.438751
0.452531
0.446747
0.442574
0.444498
0.452832
0.445357
0.450941
0.453004
0.459081
0.478773
0.490773
0.492415
0.491195
0.478027
0.484332
0.475888
0.493573
0.502029
0.503812
0.494711
0.476762
0.455329
0.445828
0.458272
0.465982
0.487044
0.483439
0.48567
0.476906
0.475068
0.463894
0.47192
0.480022
0.469177
0.465396
0.46659
0.464105
0.466197
0.475926
0.479587
0.473716
0.463482
0.461386
0.472586
0.470562
0.47488
0.464781
0.484233
0.475239
0.483027
0.473212
0.473573
0.458492
0.437855
0.433341
0.434788
0.445402
0.446688
0.441206
0.445008
0.440897
0.457281
0.47613
0.485238
0.49419
0.489104
0.48829
0.481649
0.493722
0.525092
0.529788
0.523857
0.50449
0.511772
0.515755
0.509792
0.512826
0.518299
0.512253
0.512865
0.523304
0.524202
0.507823
0.509891
0.521458
0.51463
0.505424
0.493235
0.497152
0.49938
0.509969
0.515976
0.515633
0.508322
0.502754
0.508455
0.504203
0.498403
0.492289
0.495091
0.491617
0.481884
0.490027
0.490217
0.486751
0.480949
0.49093
0.473932
0.464824
0.478296
0.484754
0.482442
0.483065
0.469112
0.469547
0.466422
0.46801
0.480789
0.46749
0.469379
0.480818
0.488218
0.484618
0.480599
0.481215
0.496612
0.494811
0.483928
0.477766
0.473028
0.474034
0.466035
0.48207
0.470786
0.471477
0.473367
0.480382
0.494052
0.499163
0.50553
0.514869
0.519854
0.50454
0.488339
0.472591
0.472204
0.468791
0.46901
0.473985
0.494438
0.49833
0.501483
0.478394
0.48
0.480185
0.47954
0.476356
0.474121
0.458187
0.452098
0.455499
0.458787
0.465452
0.494496
0.496516
0.493415
0.50772
0.513754
0.513018
0.511418
0.516304
0.518913
0.52357
0.533646
0.532422
0.52776
0.54242
0.547325
0.538294
0.530975
0.537124
0.545154
0.563765
0.572206
0.557374
0.561137
0.545359
0.539263
0.544606
0.544922
0.548165
0.537506
0.53015
0.517103
0.535678
0.528077
0.522776
0.527429
0.539333
0.5481
0.551624
0.555282
0.553524
0.549584
0.560576
0.569605
0.587534
0.593047
0.593265
0.594948
0.594303
0.60583
0.620455
0.625921
0.632792
0.642335
0.641255
0.67226
0.681998
0.66664
0.642076
0.636916
0.645036
0.654348
0.648595
0.647788
0.647378
0.645445
0.644897
0.661062
0.667484
0.663252
0.652838
0.656352
0.652983
0.656607
0.668945
0.658733
0.637792
0.632197
0.647805
0.651264
0.664289
0.672821
0.671068
0.652217
0.663833
0.685307
0.697921
0.706998
0.709228
0.706781
0.700608
0.713658
0.741852
0.756325
0.742354
0.717027
0.71955
0.727412
0.714554
0.720419
0.723409
0.702214
0.703224
0.690742
0.685245
0.688385
0.70838
0.718021
0.730876
0.720385
0.71177
0.720782
0.712243
0.718509
0.731715
0.737339
0.715999
0.745764
0.754396
0.761226
0.763289
0.794641
0.811015
0.798742
0.788887
0.783218
0.790391
0.825325
0.823232
0.849865
0.82186
0.831285
0.827737
0.842237
0.831053
0.838982
0.826816
0.819452
0.805412
0.802093
0.793924
0.784826
0.7802
0.801015
0.802167
0.796396
0.804385
0.795763
0.789073
0.780564
0.777571
0.794328
0.777569
0.782214
0.785848
0.805865
0.82914
0.859625
0.863319
0.857892
0.833499
0.837756
0.862204
0.874474
0.891074
0.897098
0.875998
0.872546
0.886622
0.90458
0.900966
0.897581
0.882314
0.875356
0.88765
0.911037
0.891015
0.903898
0.881584
0.892133
0.875857
0.864508
0.863624
0.88037
0.887921
0.897177
0.87574
0.860383
0.842564
0.843643
0.857845
0.863828
0.862759
0.862917
0.868656
0.872927
0.873706
0.868021
0.881189
0.875009
0.882843
0.866724
0.868594
0.863997
0.84996
0.849934
0.851034
0.868488
0.876178
0.874921
0.890501
0.917226
0.917698
0.883337
0.859745
0.868205
0.881729
0.862943
0.857119
0.855073
0.857311
0.842258
0.825782
0.826574
0.831513
0.846769
0.848569
0.845085
0.852099
0.852894
0.880704
0.87476
0.8685
0.868307
0.884094
0.861847
0.867005
0.871345
0.884916
0.89558
0.893604
0.877272
0.871572
0.865245
0.876073
0.86846
0.888773
0.887372
0.892386
0.876938
0.885242
0.864267
0.857051
0.83494
0.843036
0.863695
0.861565
0.860967
0.857072
0.853847
0.840157
0.822756
0.854061
0.85118
0.850929
0.83228
0.813531
0.816563
0.814862
0.838222
0.825364
0.83513
0.815624
0.825708
0.831341
0.837502
0.839906
0.825313
0.827546
0.830586
0.8305
0.843877
0.825351
0.832068
0.827649
0.838054
0.828245
0.812612
0.826934
0.853392
0.866851
0.842434
0.837918
0.822121
0.839521
0.833455
0.829567
0.835109
0.83686
0.855057
0.866417
0.853301
0.853061
0.852754
0.84783
0.852412
0.863254
0.908851
0.901049
0.902904
0.869011
0.876995
0.859923
0.85748
0.859814
0.827456
0.826444
0.833517
0.834976
0.817354
0.811229
0.805492
0.809921
0.809067
0.807112
0.813092
0.833491
0.825328
0.819718
0.817085
0.817544
0.827406
0.826043
0.825284
0.820578
0.811005
0.8198
0.817741
0.836708
0.850003
0.858181
0.850421
0.858476
0.864273
0.84749
0.806705
0.800153
0.786795
0.788893
0.78475
0.790866
0.797728
0.795589
0.797201
0.788317
0.791706
0.797936
0.811913
0.82073
0.822557
0.83284
0.816311
0.825957
0.811564
0.840286
0.838402
0.861118
0.875099
0.886013
0.885187
0.859901
0.810279
0.800926
0.805229
0.819722
0.809106
0.818068
0.810205
0.822157
0.79956
0.806408
0.795348
0.809086
0.805528
0.79219
0.773652
0.762642
0.773885
0.795169
0.821606
0.802349
0.777724
0.760204
0.754234
0.75102
0.762854
0.75547
0.722983
0.713837
0.709891
0.701763
0.694718
0.709406
0.721897
0.724815
0.721962
0.722075
0.71215
0.713774
0.703177
0.705164
0.657495
0.669363
0.693411
0.703923
0.691729
0.701184
0.712138
0.709576
0.699443
0.69192
0.654716
0.657184
0.672967
0.676502
0.671826
0.668093
0.648269
0.646439
0.630302
0.639939
0.582457
0.583422
0.56243
0.568877
0.565679
0.577303
0.595758
0.606795
0.632997
0.603473
0.518426
0.505918
0.513861
0.517857
0.509705
0.510444
0.504484
0.49266
0.491264
0.497788
0.463431
0.463036
0.472276
0.482489
0.485711
0.479977
0.47173
0.476419
0.484753
0.500659
0.428739
0.426999
0.403519
0.403731
0.399246
0.417126
0.410743
0.410748
0.387544
0.385475
0.372797
0.379524
0.383839
0.369457
0.376191
0.375898
0.377224
0.375512
0.375831
0.369338
0.347502
0.354834
0.355054
0.358964
0.37689
0.373125
0.359427
0.340824
0.344902
0.367182
0.316361
0.315233
0.304375
0.297433
0.297088
0.302178
0.301085
0.311697
0.315822
0.316245
0.181544
0.27878
0.380121
0.284926
0.231596
0.230224
0.231698
0.281775
0.290912
0.297909
0.196277
0.230911
0.237227
0.257135
0.260974
0.256581
0.412719
0.515085
0.521178
0.462789
0.291526
0.293529
0.233601
0.236205
0.240599
0.424291
0.45637
0.458597
0.374643
0.380208
0.53173
0.421238
0.422989
0.318766
0.364377
0.362386
0.292664
0.288957
0.527493
0.490082
0.457546
0.439018
0.440255
0.442574
0.447583
0.446944
0.447343
0.446805
0.446485
0.445692
0.434517
0.435126
0.439742
0.440692
0.440181
0.440276
0.439107
0.445018
0.444051
0.447663
0.431087
0.428681
0.427342
0.430699
0.430831
0.430898
0.432088
0.432235
0.433593
0.427277
0.421699
0.421473
0.422633
0.423849
0.425019
0.427687
0.428837
0.426682
0.426779
0.423529
0.421399
0.421132
0.424885
0.426989
0.42585
0.427519
0.427445
0.426697
0.427182
0.428424
0.427697
0.431854
0.431941
0.432854
0.435626
0.435299
0.432804
0.432347
0.432706
0.430924
0.427325
0.431888
0.431002
0.430692
0.424703
0.422087
0.421436
0.420939
0.419649
0.420778
0.416882
0.418627
0.416703
0.417015
0.415364
0.418768
0.417512
0.417208
0.417859
0.417891
0.416741
0.419395
0.41993
0.43277
0.431114
0.428312
0.418309
0.419329
0.418898
0.418225
0.415066
0.418579
0.418429
0.421259
0.418247
0.414662
0.418289
0.417996
0.420853
0.420363
0.42234
0.421509
0.422575
0.420805
0.41998
0.420875
0.421956
0.428072
0.430783
0.431996
0.433943
0.43691
0.433956
0.426669
0.424707
0.429435
0.427126
0.427564
0.426321
0.426152
0.42537
0.426855
0.428045
0.430129
0.429874
0.425028
0.427644
0.428466
0.428224
0.431754
0.423813
0.42385
0.423089
0.424376
0.425034
0.422143
0.424543
0.42733
0.429845
0.428224
0.421779
0.42132
0.420951
0.41805
0.421354
0.420573
0.420159
0.417395
0.418199
0.416877
0.416973
0.419153
0.417983
0.41775
0.42098
0.421817
0.421342
0.421807
0.418944
0.417139
0.417127
0.4217
0.422729
0.420265
0.422935
0.423164
0.422315
0.423421
0.428865
0.427089
0.420891
0.417492
0.419072
0.418372
0.413806
0.413485
0.413597
0.414119
0.412136
0.412702
0.422255
0.425297
0.423275
0.413076
0.413918
0.412255
0.411181
0.409526
0.407768
0.408915
0.407364
0.408219
0.418008
0.417765
0.41745
0.407916
0.408903
0.409539
0.409049
0.409993
0.403282
0.401941
0.404479
0.405789
0.414943
0.417454
0.41958
0.411915
0.411964
0.409123
0.407147
0.405753
0.41488
0.418045
0.420003
0.410556
0.411329
0.411366
0.411701
0.413912
0.412894
0.414525
0.412545
0.414709
0.414522
0.417734
0.418011
0.417011
0.418451
0.417292
0.408811
0.412128
0.414382
0.415407
0.415793
0.418688
0.41949
0.417781
0.420291
0.423078
0.419887
0.41977
0.42275
0.425079
0.425909
0.426086
0.426349
0.426689
0.425908
0.424464
0.420748
0.430522
0.430344
0.431512
0.422627
0.42012
0.428858
0.428997
0.428356
0.423262
0.421357
0.422806
0.425067
0.426286
0.423097
0.430482
0.431504
0.432792
0.426793
0.432838
0.430243
0.433824
0.426617
0.428438
0.428792
0.446117
0.449675
0.454813
0.454293
0.459243
0.446887
0.445994
0.448975
0.449168
0.446217
0.435193
0.44121
0.44227
0.441021
0.43676
0.435413
0.437836
0.43639
0.435386
0.434485
0.439886
0.439377
0.433523
0.432639
0.434144
0.431142
0.434471
0.437282
0.440367
0.449287
0.453298
0.464767
0.456895
0.461471
0.456775
0.446481
0.441101
0.442309
0.440786
0.428614
0.42697
0.428162
0.418642
0.419661
0.416262
0.440265
0.442497
0.445941
0.42941
0.432137
0.431653
0.433312
0.438156
0.437428
0.437024
0.445386
0.450771
0.442057
0.427345
0.430213
0.429979
0.431599
0.43672
0.447879
0.447483
0.446702
0.439143
0.408971
0.413568
0.411433
0.423283
0.427498
0.4205
0.420264
0.412743
0.423761
0.432753
0.436339
0.446654
0.435023
0.422085
0.416699
0.418147
0.401174
0.38593
0.376395
0.375663
0.351421
0.365338
0.365719
0.37611
0.369348
0.379841
0.373983
0.378561
0.384964
0.392269
0.388754
0.384627
0.414491
0.433401
0.430001
0.397659
0.402676
0.411129
0.465341
0.455006
0.469364
0.444168
0.428599
0.440372
0.477953
0.469439
0.468732
0.450715
0.469617
0.462721
0.470751
0.464662
0.466284
0.459434
0.501619
0.498015
0.518517
0.493312
0.478575
0.456599
0.450509
0.472259
0.49221
0.495726
0.504522
0.512609
0.510269
0.491536
0.508499
0.518821
0.530707
0.543003
0.557531
0.573077
0.574004
0.603553
0.580606
0.568945
0.551983
0.537588
0.557538
0.566807
0.586023
0.603369
0.590324
0.585046
0.574877
0.600481
0.594725
0.624879
0.64523
0.629242
0.619385
0.594267
0.603337
0.577679
0.591165
0.586503
0.589216
0.604448
0.597627
0.627782
0.634252
0.629225
0.597708
0.608947
0.618857
0.642027
0.617787
0.628605
0.615557
0.615225
0.606312
0.614713
0.594512
0.616397
0.634761
0.663242
0.640366
0.642068
0.634138
0.633188
0.664963
0.665286
0.666044
0.633218
0.651101
0.649979
0.627614
0.611417
0.604801
0.612919
0.607545
0.597804
0.605111
0.612603
0.617934
0.611623
0.577137
0.558386
0.540903
0.553493
0.577564
0.589365
0.593489
0.586527
0.588026
0.576599
0.532223
0.526789
0.537299
0.526051
0.527427
0.529749
0.543146
0.545144
0.524957
0.5214
0.498803
0.523791
0.532655
0.577262
0.573906
0.566802
0.562662
0.561399
0.574217
0.544834
0.532
0.544404
0.553391
0.562044
0.564692
0.586158
0.608781
0.604136
0.604037
0.60671
0.625236
0.621301
0.625127
0.606628
0.623181
0.61711
0.619236
0.604444
0.612973
0.595013
0.556659
0.53365
0.539326
0.563381
0.586199
0.610447
0.606513
0.582739
0.586024
0.581067
0.562621
0.555763
0.546388
0.544878
0.555891
0.554446
0.559028
0.571772
0.570883
0.577393
0.580502
0.589368
0.60006
0.568746
0.558189
0.544536
0.552875
0.55606
0.558377
0.566179
0.540434
0.545509
0.550131
0.564294
0.556952
0.556402
0.546644
0.570106
0.597002
0.582198
0.536826
0.516983
0.518052
0.53157
0.537653
0.540588
0.537409
0.535256
0.544068
0.535231
0.525874
0.522976
0.537864
0.544982
0.539447
0.527876
0.523974
0.522061
0.523371
0.520098
0.488096
0.49454
0.510338
0.52179
0.508244
0.495856
0.490179
0.495469
0.503923
0.500788
0.497671
0.505084
0.497933
0.487006
0.477445
0.474786
0.489793
0.490735
0.488405
0.483079
0.455817
0.467354
0.463836
0.470907
0.475053
0.484247
0.46709
0.468416
0.472328
0.477274
0.43987
0.435263
0.42555
0.449274
0.448126
0.438647
0.433037
0.444802
0.440865
0.438455
0.433308
0.431784
0.448426
0.451384
0.45904
0.422906
0.422022
0.410018
0.41965
0.429289
0.428968
0.461003
0.445864
0.446824
0.452674
0.470091
0.468076
0.448285
0.450445
0.448896
0.460753
0.474555
0.473158
0.467901
0.454676
0.466396
0.461557
0.464115
0.466788
0.47251
0.463719
0.472616
0.478684
0.473175
0.454485
0.43625
0.438192
0.418779
0.415513
0.397339
0.413766
0.420876
0.422696
0.409934
0.39908
0.402541
0.411969
0.417677
0.412636
0.408254
0.422492
0.417305
0.42913
0.422941
0.441094
0.43627
0.447162
0.431307
0.437303
0.441989
0.44548
0.441506
0.43923
0.435435
0.44011
0.459179
0.443707
0.447334
0.441452
0.440252
0.45842
0.477014
0.49701
0.486597
0.461987
0.441236
0.430629
0.433733
0.434835
0.429089
0.435739
0.452215
0.437716
0.452378
0.452336
0.451929
0.446643
0.44314
0.433475
0.423277
0.445024
0.459433
0.464541
0.461065
0.435813
0.436171
0.430066
0.440703
0.44495
0.455748
0.440433
0.461173
0.463984
0.470672
0.466466
0.470085
0.472103
0.501568
0.495457
0.503016
0.497602
0.51191
0.531059
0.540166
0.537686
0.526907
0.523162
0.522047
0.526901
0.530869
0.552836
0.551688
0.541754
0.527455
0.535579
0.531227
0.52724
0.526882
0.529766
0.540413
0.537886
0.531276
0.518397
0.517718
0.503721
0.50164
0.514197
0.530071
0.533245
0.544907
0.53967
0.550982
0.530976
0.533261
0.513782
0.52205
0.521356
0.535683
0.521001
0.520965
0.51947
0.51247
0.495842
0.482682
0.493717
0.490173
0.487986
0.491305
0.514948
0.506893
0.483944
0.487758
0.490299
0.477544
0.493577
0.491194
0.487704
0.476606
0.487177
0.487785
0.497759
0.499633
0.514472
0.515756
0.509814
0.515915
0.51342
0.512519
0.504761
0.501417
0.507805
0.499623
0.499896
0.486916
0.485867
0.48455
0.492356
0.496003
0.495432
0.503812
0.512332
0.514527
0.511939
0.508053
0.517676
0.532945
0.531449
0.523376
0.516623
0.525817
0.535786
0.51316
0.513126
0.530842
0.528094
0.533898
0.515163
0.502436
0.490579
0.508544
0.507225
0.496025
0.49023
0.491963
0.505066
0.499213
0.497691
0.500734
0.508304
0.503206
0.485585
0.482487
0.47606
0.477603
0.488173
0.485888
0.48989
0.493885
0.497022
0.499582
0.469234
0.482441
0.485456
0.484173
0.477592
0.476452
0.473686
0.465863
0.475918
0.477442
0.497345
0.492044
0.49516
0.487887
0.498934
0.489061
0.480176
0.464826
0.480721
0.481672
0.481473
0.481357
0.479067
0.484866
0.50618
0.492456
0.501556
0.489683
0.507173
0.499107
0.528738
0.528041
0.532949
0.537507
0.525343
0.534026
0.536937
0.539066
0.535311
0.536336
0.537195
0.547898
0.539062
0.552539
0.540594
0.553257
0.54816
0.537203
0.532331
0.536416
0.563246
0.564373
0.566672
0.559625
0.564193
0.570888
0.563947
0.574907
0.577968
0.582848
0.584666
0.578815
0.585374
0.598355
0.592792
0.599027
0.614468
0.622755
0.626312
0.633006
0.635533
0.643912
0.651714
0.648431
0.626689
0.622197
0.624983
0.621143
0.617741
0.607574
0.610822
0.629801
0.644861
0.640834
0.639411
0.633664
0.639176
0.631781
0.632479
0.635412
0.65502
0.651069
0.651498
0.649802
0.647223
0.650486
0.676649
0.684652
0.691291
0.686302
0.706922
0.693928
0.684767
0.683929
0.682632
0.694858
0.703538
0.708238
0.711898
0.700863
0.705312
0.713745
0.710684
0.70274
0.712739
0.714742
0.718063
0.70541
0.705025
0.703613
0.702919
0.693434
0.686934
0.684343
0.682935
0.668823
0.681757
0.686804
0.699444
0.699883
0.704112
0.703414
0.680014
0.674572
0.677953
0.682921
0.68535
0.699375
0.694928
0.691036
0.699569
0.711751
0.718156
0.713557
0.715371
0.721396
0.746131
0.744931
0.755308
0.76127
0.770752
0.769902
0.763547
0.75901
0.762562
0.773408
0.776
0.772349
0.763678
0.777648
0.793155
0.806382
0.803578
0.811356
0.793469
0.807424
0.811115
0.809969
0.820322
0.814797
0.812815
0.807272
0.799746
0.813939
0.822974
0.82269
0.813401
0.816636
0.816645
0.824141
0.843515
0.844073
0.85105
0.860634
0.861206
0.839484
0.849799
0.837529
0.85075
0.881909
0.900738
0.88463
0.881396
0.872698
0.857847
0.850702
0.862505
0.87991
0.895117
0.909067
0.906673
0.894794
0.872286
0.875841
0.908668
0.924128
0.932414
0.897532
0.899707
0.876428
0.884695
0.887991
0.910984
0.895474
0.895995
0.896668
0.918396
0.924858
0.938658
0.922139
0.925462
0.922797
0.915395
0.931672
0.932178
0.941611
0.918564
0.918433
0.88472
0.879449
0.878576
0.88599
0.902868
0.87668
0.867151
0.861607
0.863408
0.866777
0.8597
0.862816
0.882498
0.893444
0.863634
0.877558
0.866256
0.881022
0.879766
0.89781
0.903596
0.894864
0.896293
0.900871
0.917092
0.923086
0.916646
0.899992
0.898638
0.900049
0.896295
0.906732
0.906737
0.894903
0.904461
0.901097
0.906159
0.902214
0.894693
0.887697
0.901772
0.894391
0.895497
0.905528
0.898858
0.887486
0.883896
0.875786
0.874558
0.886852
0.879322
0.892933
0.886548
0.897135
0.89398
0.870589
0.882474
0.866023
0.864449
0.851442
0.84085
0.833754
0.817552
0.823411
0.818163
0.829876
0.826798
0.832546
0.828679
0.83701
0.837905
0.832103
0.827348
0.819218
0.82114
0.821233
0.825879
0.8286
0.823527
0.81593
0.822108
0.824782
0.831496
0.841778
0.842097
0.858245
0.849576
0.862935
0.834733
0.835102
0.858923
0.881205
0.888062
0.869465
0.852981
0.852074
0.848746
0.848535
0.851773
0.845719
0.857105
0.856182
0.856449
0.867615
0.88701
0.882928
0.853583
0.839227
0.852188
0.873938
0.895411
0.906616
0.902277
0.88918
0.885092
0.880866
0.87202
0.858894
0.846941
0.848524
0.854259
0.857191
0.861285
0.847433
0.83225
0.827989
0.834304
0.846999
0.84391
0.851529
0.840435
0.841881
0.852023
0.862427
0.868882
0.846632
0.837902
0.821175
0.83453
0.836618
0.834637
0.833395
0.82075
0.819675
0.808975
0.812731
0.812394
0.837685
0.831327
0.860192
0.839971
0.8587
0.850156
0.871015
0.85997
0.859782
0.838821
0.843338
0.868726
0.897854
0.885866
0.847621
0.818167
0.817587
0.8381
0.83911
0.843249
0.842595
0.835364
0.841796
0.837641
0.850331
0.835375
0.844465
0.839702
0.833229
0.840004
0.834207
0.845205
0.839051
0.841066
0.835499
0.808396
0.815526
0.858279
0.869692
0.859291
0.814503
0.822519
0.836234
0.837579
0.826374
0.748482
0.733999
0.760434
0.760743
0.772676
0.741226
0.766788
0.779303
0.771515
0.753959
0.726694
0.712033
0.723448
0.729101
0.740472
0.736919
0.733883
0.731019
0.740245
0.744172
0.732961
0.729254
0.728699
0.716394
0.729106
0.732992
0.732246
0.730708
0.717341
0.704457
0.689235
0.6979
0.718975
0.723047
0.738099
0.722812
0.743236
0.739189
0.73795
0.705888
0.67421
0.673241
0.665719
0.642143
0.627877
0.634976
0.648334
0.656345
0.662112
0.650682
0.580985
0.58441
0.587636
0.582287
0.570473
0.578518
0.585693
0.588903
0.575861
0.56859
0.502211
0.50427
0.504774
0.510619
0.50889
0.513782
0.504359
0.506845
0.51662
0.516777
0.484885
0.48036
0.485309
0.488877
0.490248
0.481443
0.47487
0.487119
0.485924
0.486741
0.445679
0.44831
0.450988
0.465766
0.460809
0.478059
0.459304
0.454271
0.435814
0.440285
0.405024
0.399043
0.392964
0.373326
0.378654
0.375414
0.372082
0.378618
0.372237
0.374773
0.334635
0.336075
0.339819
0.352948
0.355075
0.34493
0.356114
0.354969
0.354976
0.344376
0.314575
0.314297
0.321389
0.328419
0.334233
0.337465
0.338191
0.331124
0.330309
0.329994
0.119915
0.170045
0.21078
0.341968
0.405782
0.406441
0.335091
0.445795
0.482431
0.484403
0.344977
0.384644
0.447253
0.445373
0.448515
0.544331
0.547219
0.685294
0.601902
0.602286
0.403182
0.363936
0.394495
0.489583
0.426032
0.46026
0.364699
0.401319
0.404166
0.430046
0.440086
0.3698
0.380006
0.387884
0.391517
0.3163
0.31597
0.31704
0.316813
0.314907
0.375385
0.379752
0.379946
0.387502
0.393976
0.398109
0.399864
0.394241
0.38888
0.396654
0.392573
0.394616
0.388638
0.395472
0.39205
0.396879
0.398914
0.400744
0.406407
0.400808
0.376058
0.377846
0.381544
0.382872
0.386344
0.383952
0.383403
0.380497
0.380715
0.382493
0.371611
0.380018
0.380956
0.379623
0.381298
0.384426
0.383639
0.388725
0.382368
0.382878
0.382195
0.382205
0.381084
0.382235
0.388423
0.397251
0.404112
0.403078
0.397785
0.399418
0.39589
0.391725
0.394061
0.394202
0.397257
0.394433
0.392234
0.388509
0.387643
0.386316
0.378949
0.377733
0.376351
0.376389
0.378819
0.376144
0.385303
0.384915
0.384528
0.377381
0.372998
0.374508
0.371331
0.370756
0.374303
0.377228
0.374697
0.374777
0.373444
0.375224
0.367316
0.368089
0.368491
0.367805
0.363946
0.363576
0.369513
0.370904
0.369328
0.368391
0.360307
0.359874
0.359987
0.357187
0.357894
0.358618
0.35599
0.357627
0.361456
0.361409
0.360529
0.3596
0.360617
0.36158
0.361329
0.362289
0.359327
0.362156
0.363198
0.365415
0.361873
0.360817
0.364777
0.367951
0.380771
0.381421
0.379258
0.366875
0.364776
0.367683
0.377213
0.379009
0.377827
0.369405
0.368134
0.369004
0.368939
0.365826
0.364853
0.36439
0.360985
0.363339
0.357402
0.3575
0.360969
0.361405
0.364618
0.362214
0.361688
0.35798
0.369973
0.374216
0.375105
0.37084
0.36801
0.367524
0.365245
0.365232
0.365186
0.362876
0.362145
0.36324
0.37603
0.375116
0.374709
0.366418
0.366017
0.366924
0.362677
0.36397
0.361622
0.361899
0.360795
0.360682
0.360127
0.357622
0.358665
0.358603
0.358217
0.35733
0.352878
0.353944
0.353073
0.353498
0.350957
0.348458
0.349404
0.350201
0.351701
0.350857
0.356768
0.359229
0.359625
0.359115
0.358109
0.362039
0.36213
0.361725
0.360203
0.360648
0.355628
0.355953
0.357108
0.356255
0.359185
0.357596
0.356741
0.354924
0.354197
0.357055
0.345738
0.347443
0.347299
0.346277
0.346431
0.346874
0.34617
0.344843
0.344675
0.347405
0.351157
0.350589
0.349453
0.350201
0.351478
0.352077
0.353091
0.352521
0.35212
0.351487
0.351564
0.353333
0.352337
0.353856
0.355745
0.356238
0.360663
0.363549
0.367
0.36304
0.36375
0.36287
0.365693
0.36617
0.36454
0.362332
0.362254
0.362828
0.360762
0.359144
0.359255
0.358012
0.358356
0.356502
0.356266
0.356229
0.358664
0.358266
0.355057
0.351924
0.349523
0.350707
0.351715
0.353895
0.351284
0.354943
0.35246
0.353444
0.351772
0.350947
0.365512
0.369434
0.373249
0.377536
0.374353
0.376434
0.367989
0.367122
0.368474
0.359957
0.364056
0.364048
0.367321
0.366105
0.367889
0.364807
0.364803
0.36817
0.368226
0.371127
0.363253
0.362282
0.361963
0.36374
0.368232
0.367868
0.369241
0.371111
0.371604
0.372778
0.367903
0.369616
0.372929
0.37817
0.379243
0.381458
0.382264
0.379899
0.38233
0.391983
0.387969
0.385775
0.390834
0.390998
0.388804
0.386633
0.387891
0.385186
0.38399
0.387954
0.387243
0.398432
0.403593
0.402618
0.402057
0.401461
0.399283
0.41029
0.408036
0.411251
0.412897
0.416783
0.418846
0.407919
0.436091
0.441392
0.447087
0.432105
0.450677
0.462145
0.448911
0.435898
0.426228
0.431074
0.440219
0.439743
0.442554
0.435655
0.4398
0.465164
0.49016
0.491449
0.481631
0.469433
0.471146
0.444283
0.455748
0.456802
0.466254
0.439758
0.450261
0.448503
0.46362
0.478527
0.465814
0.438796
0.423423
0.420516
0.432014
0.429034
0.445247
0.436404
0.429542
0.426359
0.438026
0.434933
0.425037
0.410855
0.406862
0.413492
0.398898
0.40915
0.416707
0.425205
0.419061
0.391922
0.381462
0.388751
0.390913
0.399682
0.427511
0.434024
0.449197
0.440534
0.465964
0.457512
0.473771
0.473785
0.506953
0.501168
0.531531
0.508277
0.516579
0.49363
0.503191
0.507639
0.506103
0.504471
0.525626
0.527647
0.546174
0.551607
0.558301
0.525168
0.494739
0.503926
0.529875
0.522011
0.499761
0.499951
0.514523
0.516459
0.525228
0.53877
0.543831
0.515597
0.50549
0.504988
0.534011
0.56334
0.570766
0.570942
0.528529
0.543258
0.529319
0.54808
0.557436
0.571119
0.564082
0.554334
0.538476
0.54568
0.533452
0.520215
0.528376
0.548333
0.567509
0.567338
0.60895
0.627578
0.644852
0.629837
0.607945
0.618513
0.63549
0.680179
0.702824
0.698208
0.650636
0.651905
0.653243
0.703484
0.66894
0.650777
0.635327
0.655927
0.697278
0.700706
0.694578
0.69677
0.652099
0.65986
0.646182
0.632793
0.643846
0.653038
0.653165
0.611315
0.617731
0.605454
0.562275
0.565419
0.579268
0.588534
0.596265
0.582967
0.573599
0.554155
0.571679
0.58189
0.518741
0.537243
0.550253
0.537265
0.50661
0.494854
0.500666
0.543505
0.569603
0.563922
0.498445
0.510018
0.540332
0.559012
0.555383
0.533366
0.516277
0.508078
0.50524
0.526289
0.524651
0.526982
0.531963
0.536813
0.527357
0.538226
0.543461
0.542202
0.531498
0.53699
0.534514
0.540037
0.516345
0.511658
0.509437
0.540803
0.546323
0.541083
0.526127
0.504025
0.499294
0.515974
0.50802
0.520259
0.500731
0.507745
0.51759
0.547427
0.563984
0.582468
0.528717
0.513047
0.510691
0.498642
0.534383
0.521852
0.539047
0.523063
0.51273
0.515259
0.512789
0.522584
0.519482
0.511365
0.509193
0.51559
0.536148
0.53778
0.552301
0.540444
0.533698
0.531959
0.557716
0.557029
0.536542
0.521559
0.520488
0.537708
0.529497
0.529772
0.480691
0.487499
0.476176
0.487548
0.47909
0.492391
0.482319
0.477288
0.501726
0.519338
0.510592
0.482532
0.464692
0.467521
0.483435
0.488263
0.502631
0.505382
0.491119
0.479503
0.474148
0.488601
0.482075
0.496489
0.502367
0.514827
0.487804
0.480915
0.46334
0.464042
0.448523
0.447523
0.462183
0.445637
0.470843
0.466651
0.483313
0.487354
0.501027
0.498706
0.498872
0.494251
0.501391
0.491361
0.486913
0.465051
0.472134
0.463851
0.45637
0.447561
0.447629
0.452963
0.445457
0.448861
0.448131
0.448283
0.442759
0.436197
0.44142
0.429627
0.420023
0.416042
0.414585
0.422968
0.433735
0.44256
0.450439
0.454571
0.455531
0.474652
0.471494
0.476385
0.471939
0.487317
0.493391
0.494852
0.486909
0.480995
0.472806
0.471768
0.473329
0.486593
0.482842
0.498005
0.491673
0.489446
0.472211
0.469297
0.462214
0.462098
0.485572
0.48643
0.486935
0.476347
0.478004
0.475926
0.475572
0.464713
0.471128
0.481469
0.466183
0.461352
0.463909
0.463548
0.473791
0.470226
0.480521
0.489326
0.482341
0.466391
0.472039
0.482221
0.476629
0.463906
0.469563
0.476245
0.481415
0.477822
0.476732
0.460919
0.468551
0.482825
0.481104
0.478802
0.452903
0.464092
0.458729
0.47051
0.472905
0.46998
0.475965
0.48966
0.48735
0.505137
0.490607
0.481294
0.475989
0.463985
0.467482
0.474298
0.465445
0.44191
0.440752
0.437451
0.444808
0.454737
0.462283
0.467527
0.461907
0.442815
0.45415
0.438566
0.444966
0.465206
0.47261
0.463486
0.447021
0.447187
0.450249
0.453671
0.475897
0.478094
0.457969
0.465331
0.444839
0.45118
0.448208
0.457758
0.456284
0.459865
0.45834
0.458546
0.469619
0.461173
0.458517
0.461173
0.478252
0.496749
0.4925
0.494232
0.48971
0.480776
0.466963
0.463831
0.466674
0.474662
0.469252
0.467284
0.47325
0.472362
0.477476
0.460352
0.470863
0.473344
0.491093
0.492173
0.499591
0.493992
0.517983
0.521759
0.527447
0.528284
0.534813
0.537977
0.537977
0.531245
0.531395
0.540345
0.537275
0.554992
0.544316
0.547822
0.537483
0.523221
0.516314
0.515846
0.523621
0.525267
0.534047
0.536363
0.502705
0.500795
0.522517
0.530812
0.527412
0.531535
0.538265
0.532881
0.526323
0.530617
0.532506
0.536468
0.52958
0.522041
0.522156
0.503534
0.496596
0.499871
0.507958
0.511074
0.499876
0.478607
0.469464
0.474092
0.463575
0.46233
0.473768
0.490968
0.502464
0.496992
0.501864
0.504396
0.507089
0.496974
0.494129
0.501311
0.512686
0.530614
0.521257
0.519493
0.513244
0.515514
0.510249
0.517868
0.508192
0.517195
0.504435
0.500655
0.501133
0.503913
0.500385
0.478164
0.475609
0.480836
0.489293
0.502436
0.49834
0.483821
0.486723
0.475661
0.49201
0.497642
0.504113
0.512029
0.503567
0.505874
0.500798
0.510637
0.512456
0.512422
0.517793
0.520538
0.520019
0.519059
0.514727
0.53281
0.529272
0.526017
0.523988
0.517055
0.497798
0.498793
0.505444
0.498447
0.485651
0.475435
0.47157
0.486219
0.483724
0.496474
0.477702
0.482902
0.487408
0.492986
0.489819
0.498817
0.502199
0.514884
0.506941
0.521685
0.517011
0.520964
0.507823
0.518503
0.508777
0.512119
0.495551
0.497029
0.501081
0.498144
0.535259
0.543436
0.52111
0.527089
0.518884
0.520909
0.509948
0.522243
0.521723
0.503547
0.519483
0.531978
0.543164
0.554326
0.563643
0.564863
0.5733
0.565465
0.577367
0.588258
0.607442
0.603002
0.597522
0.584245
0.584598
0.570054
0.582974
0.598489
0.588971
0.585574
0.566965
0.576698
0.593294
0.593434
0.586674
0.573913
0.576393
0.586388
0.59282
0.594849
0.602413
0.584004
0.585949
0.581341
0.589608
0.595225
0.590971
0.594146
0.609657
0.621333
0.624487
0.615207
0.626667
0.625402
0.629515
0.608053
0.621784
0.623553
0.64698
0.651168
0.645874
0.638392
0.627025
0.640238
0.63212
0.649818
0.668331
0.665729
0.666696
0.672801
0.68066
0.684543
0.682499
0.684758
0.695198
0.707807
0.714872
0.708411
0.715786
0.698864
0.707139
0.72484
0.743894
0.741277
0.750728
0.735672
0.723665
0.749052
0.766428
0.752995
0.729807
0.719514
0.725723
0.718258
0.717119
0.711472
0.706504
0.702739
0.686914
0.6955
0.699876
0.698338
0.692189
0.707875
0.716349
0.728657
0.724496
0.71792
0.709501
0.71886
0.72044
0.741474
0.737195
0.743537
0.747137
0.749328
0.747959
0.737267
0.74758
0.762019
0.77169
0.767954
0.768218
0.782563
0.787271
0.778183
0.759321
0.771113
0.768888
0.770721
0.783812
0.777333
0.779862
0.765313
0.790547
0.792852
0.806398
0.79411
0.786556
0.79691
0.801186
0.807036
0.800134
0.813617
0.836339
0.857538
0.881038
0.863752
0.847322
0.840119
0.839807
0.8556
0.860842
0.867069
0.879956
0.875308
0.86603
0.858527
0.852211
0.882456
0.868294
0.867641
0.858688
0.868017
0.862017
0.876641
0.883496
0.903609
0.889123
0.890771
0.856444
0.853778
0.840428
0.827982
0.791356
0.792089
0.793882
0.801985
0.803217
0.81755
0.825289
0.815046
0.790802
0.800409
0.802369
0.809783
0.817665
0.823225
0.821837
0.816052
0.825017
0.820869
0.80327
0.822666
0.823206
0.822926
0.816365
0.823336
0.840904
0.83091
0.844367
0.838937
0.856948
0.851165
0.830506
0.817015
0.786311
0.809469
0.794339
0.816906
0.841683
0.835388
0.829742
0.803208
0.822554
0.82656
0.810954
0.827026
0.834702
0.832945
0.803663
0.805895
0.803269
0.819379
0.836051
0.831325
0.849608
0.83294
0.856247
0.830837
0.830102
0.84082
0.838512
0.849443
0.832436
0.815965
0.830758
0.856822
0.869869
0.874325
0.864704
0.875281
0.889781
0.885075
0.849342
0.831668
0.821809
0.839484
0.856787
0.857264
0.826699
0.813718
0.815854
0.803127
0.80947
0.816887
0.821642
0.849751
0.841519
0.835515
0.826383
0.853923
0.837628
0.851571
0.856331
0.854604
0.85255
0.825385
0.832932
0.825201
0.847479
0.839186
0.860603
0.882497
0.87086
0.867882
0.845042
0.838609
0.803949
0.824446
0.856116
0.8473
0.850205
0.826794
0.828442
0.843145
0.822493
0.832319
0.812564
0.831581
0.811434
0.827289
0.851052
0.859887
0.848604
0.831445
0.821516
0.827424
0.822436
0.808891
0.810959
0.799484
0.809661
0.802493
0.807418
0.813511
0.803016
0.809543
0.804765
0.80824
0.804431
0.814765
0.812946
0.813474
0.80191
0.806927
0.799498
0.812128
0.808518
0.824018
0.827757
0.834486
0.849641
0.846942
0.824318
0.83086
0.822896
0.824022
0.824458
0.819684
0.835716
0.827908
0.80888
0.797544
0.806363
0.805375
0.804421
0.809213
0.798749
0.796321
0.794847
0.815627
0.802072
0.772519
0.770117
0.77981
0.803168
0.811069
0.817789
0.791618
0.774599
0.779163
0.791077
0.777985
0.777693
0.806348
0.80147
0.807926
0.791564
0.794546
0.783409
0.790852
0.794667
0.813912
0.821989
0.819266
0.821483
0.817034
0.825225
0.831318
0.833933
0.832563
0.822136
0.798657
0.794089
0.799463
0.797913
0.808535
0.795237
0.811323
0.788863
0.794691
0.789764
0.793569
0.788016
0.780542
0.763553
0.757155
0.764411
0.763171
0.728056
0.732249
0.741633
0.740246
0.752724
0.739348
0.739447
0.715063
0.734963
0.737339
0.730883
0.710268
0.70435
0.720753
0.732256
0.73371
0.717879
0.723198
0.727385
0.736799
0.7302
0.722894
0.695934
0.695957
0.706081
0.704273
0.70478
0.699705
0.715126
0.712769
0.690712
0.67201
0.663112
0.674563
0.66904
0.660352
0.659403
0.67226
0.664066
0.655947
0.608204
0.602988
0.599559
0.603575
0.621178
0.628197
0.632038
0.64024
0.644093
0.654862
0.586543
0.589404
0.590782
0.587499
0.586345
0.564239
0.557599
0.554351
0.550361
0.557237
0.511153
0.519274
0.516307
0.506674
0.512484
0.522857
0.523732
0.50157
0.48905
0.486473
0.450063
0.448647
0.452966
0.457349
0.464061
0.461501
0.469997
0.46232
0.479385
0.473881
0.432371
0.424592
0.423796
0.42105
0.438789
0.432353
0.426233
0.41543
0.417421
0.440581
0.41586
0.402917
0.386378
0.355078
0.362764
0.358131
0.359956
0.363787
0.362136
0.362676
0.322591
0.330813
0.328427
0.335913
0.349198
0.344698
0.339325
0.330153
0.337587
0.337388
0.29082
0.288115
0.280695
0.276753
0.267445
0.268995
0.279726
0.281391
0.279349
0.269861
0.055552
0.06114
0.066123
0.070689
0.111383
0.174961
0.293336
0.291547
0.33115
0.250938
0.326828
0.360527
0.360814
0.285947
0.316035
0.3141
0.339211
0.404527
0.437587
0.448355
0.418119
0.421075
0.418115
0.422077
0.391151
0.358791
0.334141
0.335095
0.326641
0.327454
0.329981
0.2965
0.301217
0.271467
0.33513
0.333144
0.332422
0.229208
0.229872
0.228528
0.500163
0.50144
0.503593
0.507326
0.508206
0.509859
0.516527
0.532919
0.54146
0.54273
0.520927
0.519893
0.526829
0.528095
0.529162
0.528436
0.530438
0.534983
0.531041
0.531234
0.505403
0.505978
0.506486
0.50412
0.507037
0.508758
0.506539
0.507808
0.506132
0.506435
0.498605
0.500026
0.49874
0.498163
0.502434
0.503929
0.504147
0.504575
0.503683
0.503901
0.503068
0.504351
0.504229
0.50552
0.502456
0.502019
0.502696
0.499876
0.504266
0.503442
0.493366
0.49617
0.499463
0.503968
0.505775
0.503632
0.502347
0.504817
0.505103
0.508072
0.505869
0.509115
0.508704
0.507707
0.504131
0.502463
0.50242
0.502235
0.500866
0.500405
0.499209
0.498983
0.497793
0.497651
0.492487
0.494493
0.496487
0.496061
0.492436
0.490536
0.486755
0.487473
0.486709
0.485841
0.48976
0.488652
0.489708
0.490822
0.489744
0.490797
0.486664
0.486693
0.485846
0.48461
0.484969
0.486531
0.482867
0.482076
0.481434
0.483022
0.483191
0.485958
0.486833
0.489403
0.490506
0.491409
0.493473
0.493979
0.49437
0.495786
0.494819
0.498039
0.498623
0.500221
0.500083
0.502086
0.502488
0.502836
0.501613
0.499842
0.492433
0.494743
0.495337
0.491996
0.493015
0.492551
0.493308
0.495262
0.497438
0.498298
0.503718
0.502019
0.503083
0.495669
0.493377
0.493885
0.493895
0.493872
0.493793
0.495826
0.495889
0.496629
0.49729
0.494968
0.497674
0.500689
0.513935
0.511801
0.513136
0.498185
0.493473
0.490937
0.493222
0.492208
0.491745
0.491728
0.498844
0.497946
0.497782
0.49209
0.486082
0.486496
0.486025
0.486332
0.487437
0.48693
0.488207
0.49149
0.491361
0.491166
0.487475
0.488465
0.48689
0.486276
0.485693
0.4866
0.488918
0.491052
0.490637
0.489363
0.48904
0.48993
0.488943
0.488695
0.489267
0.489191
0.490011
0.487061
0.486935
0.486393
0.484871
0.485765
0.485463
0.485964
0.490496
0.489856
0.494376
0.492764
0.497546
0.492586
0.475852
0.477812
0.48005
0.477627
0.478848
0.482054
0.481327
0.48063
0.481413
0.481229
0.482776
0.483355
0.484274
0.484146
0.485779
0.487197
0.48538
0.484329
0.484723
0.484246
0.482456
0.482702
0.479929
0.478709
0.483106
0.484452
0.484297
0.485125
0.483436
0.48203
0.488068
0.488262
0.488463
0.477734
0.476287
0.478304
0.478628
0.478565
0.478454
0.478044
0.476153
0.474271
0.476659
0.478274
0.484209
0.485358
0.488654
0.486255
0.486357
0.483758
0.482044
0.470042
0.469878
0.469063
0.470368
0.471402
0.475265
0.475842
0.487248
0.48492
0.484963
0.477709
0.478682
0.480561
0.480566
0.486078
0.49403
0.492837
0.493127
0.488619
0.494317
0.501316
0.50329
0.499036
0.489912
0.49015
0.488435
0.503132
0.507612
0.5071
0.494204
0.493272
0.492721
0.496682
0.501113
0.506906
0.506905
0.512451
0.512219
0.502379
0.485453
0.482409
0.49189
0.491073
0.492241
0.493435
0.491217
0.499845
0.486402
0.485764
0.484256
0.487609
0.487699
0.480437
0.473688
0.474699
0.476009
0.489431
0.491019
0.491399
0.476356
0.474143
0.47937
0.488963
0.491332
0.492694
0.492936
0.492026
0.491703
0.491285
0.495133
0.5003
0.515001
0.506795
0.511186
0.502287
0.504593
0.506308
0.472655
0.46077
0.454595
0.465115
0.480921
0.486635
0.491442
0.475845
0.483305
0.482399
0.473647
0.455592
0.442927
0.429669
0.448819
0.453791
0.453837
0.447486
0.449689
0.44481
0.444696
0.462134
0.481735
0.492497
0.479658
0.478424
0.469531
0.463474
0.469098
0.473156
0.475368
0.460024
0.477596
0.481454
0.491875
0.477006
0.459885
0.464553
0.469314
0.477017
0.505644
0.499534
0.474388
0.439115
0.431126
0.432841
0.432845
0.439185
0.42053
0.44428
0.448051
0.428062
0.444309
0.451356
0.480839
0.474557
0.458019
0.466631
0.492233
0.509893
0.481153
0.485884
0.527842
0.535664
0.540275
0.533282
0.518947
0.494716
0.493427
0.508931
0.524511
0.530266
0.493532
0.489328
0.483697
0.495464
0.500597
0.495206
0.491741
0.507044
0.497772
0.538172
0.545896
0.553696
0.536591
0.529622
0.527869
0.512353
0.536924
0.546249
0.518733
0.525531
0.508838
0.533634
0.545763
0.568376
0.547262
0.54783
0.556319
0.54275
0.527516
0.529741
0.539975
0.54457
0.550776
0.525763
0.531163
0.502558
0.510552
0.508663
0.516577
0.548819
0.550695
0.549923
0.537344
0.545595
0.568947
0.599266
0.631292
0.672583
0.665574
0.652462
0.62911
0.627009
0.61982
0.611201
0.623937
0.664124
0.64082
0.625562
0.622631
0.612805
0.566586
0.574098
0.573466
0.57844
0.56261
0.566653
0.564057
0.579934
0.595205
0.638634
0.599518
0.601549
0.585057
0.598902
0.586554
0.573106
0.563581
0.564827
0.565275
0.55358
0.492149
0.496765
0.503127
0.557351
0.564726
0.572918
0.536774
0.544739
0.555268
0.548985
0.496655
0.512911
0.511102
0.497464
0.495309
0.48855
0.506967
0.503556
0.494927
0.492587
0.48227
0.492189
0.488851
0.499441
0.506198
0.52351
0.529451
0.516186
0.523077
0.526296
0.528999
0.549345
0.535959
0.546215
0.542985
0.560327
0.556471
0.542502
0.521742
0.513407
0.524254
0.519186
0.541008
0.541456
0.526048
0.515857
0.518592
0.520804
0.557915
0.556467
0.551859
0.537911
0.551078
0.547602
0.528392
0.525398
0.552313
0.548905
0.564854
0.55397
0.558984
0.545505
0.561098
0.564224
0.599096
0.589016
0.587091
0.580845
0.578187
0.548879
0.515694
0.51253
0.515524
0.537531
0.534579
0.545304
0.549303
0.550169
0.553831
0.524628
0.494441
0.484489
0.485229
0.500957
0.498295
0.493359
0.475414
0.504647
0.50755
0.496396
0.46438
0.447369
0.469411
0.485749
0.494498
0.498849
0.485291
0.485701
0.486916
0.493821
0.477171
0.478062
0.474428
0.483374
0.48161
0.474432
0.484574
0.470666
0.477805
0.467735
0.462919
0.468936
0.454138
0.458162
0.456289
0.461829
0.460102
0.469156
0.462142
0.457586
0.441701
0.455105
0.438218
0.436624
0.447962
0.440307
0.452822
0.444448
0.463591
0.470392
0.473915
0.482432
0.476507
0.4671
0.46624
0.470641
0.471732
0.486049
0.487345
0.501449
0.499443
0.510951
0.518553
0.516586
0.504903
0.493164
0.494038
0.496868
0.500884
0.495111
0.47553
0.450594
0.471778
0.461283
0.465904
0.450041
0.467229
0.475277
0.469333
0.467353
0.454719
0.463534
0.470302
0.471818
0.468651
0.465448
0.461195
0.465731
0.455556
0.456858
0.439417
0.437461
0.438918
0.461309
0.468241
0.491974
0.48255
0.470292
0.459965
0.457688
0.452086
0.445392
0.438576
0.448608
0.436613
0.437564
0.420784
0.433493
0.450215
0.459036
0.456943
0.440309
0.430871
0.426064
0.425998
0.421277
0.425009
0.418471
0.415863
0.407675
0.407105
0.417567
0.410256
0.407872
0.419473
0.4121
0.413447
0.415226
0.414958
0.408737
0.41174
0.415037
0.422105
0.418899
0.423408
0.423957
0.417983
0.423171
0.41517
0.406255
0.400596
0.408376
0.407674
0.407627
0.407908
0.42573
0.429047
0.425688
0.409528
0.398541
0.425359
0.423807
0.416273
0.421473
0.429712
0.464689
0.475459
0.475092
0.455318
0.452916
0.453075
0.434476
0.441609
0.444175
0.434941
0.436088
0.426148
0.43812
0.441676
0.434373
0.426001
0.427134
0.434087
0.422257
0.419259
0.421065
0.434726
0.433498
0.415536
0.418236
0.440031
0.449208
0.442112
0.433136
0.451114
0.459569
0.484691
0.480889
0.467711
0.478715
0.454637
0.454826
0.464976
0.469681
0.458636
0.454465
0.454664
0.462799
0.457133
0.474728
0.453228
0.466958
0.455322
0.464136
0.488585
0.500504
0.502048
0.476192
0.469728
0.477627
0.496554
0.515453
0.513045
0.516334
0.50729
0.513567
0.525897
0.539314
0.540771
0.532534
0.52726
0.520743
0.524
0.521647
0.526929
0.512774
0.524041
0.527997
0.527239
0.51462
0.502984
0.494558
0.503832
0.502469
0.51098
0.528712
0.523323
0.514384
0.513519
0.512753
0.5175
0.529551
0.516269
0.526064
0.532779
0.538515
0.529041
0.524882
0.524285
0.518727
0.509888
0.509736
0.521311
0.522159
0.515507
0.506629
0.496323
0.486704
0.490202
0.493887
0.484423
0.470337
0.482626
0.482161
0.465006
0.458659
0.460636
0.45221
0.447014
0.452892
0.464709
0.48162
0.471484
0.459519
0.466216
0.463247
0.463027
0.466996
0.472846
0.481181
0.473992
0.475299
0.471012
0.465839
0.461068
0.473203
0.476966
0.478584
0.474978
0.483751
0.476333
0.489046
0.499028
0.496675
0.480002
0.484642
0.494815
0.499777
0.493023
0.499085
0.490866
0.49016
0.501492
0.496117
0.510338
0.503328
0.513524
0.510006
0.507584
0.505546
0.502418
0.505694
0.504893
0.507336
0.512497
0.494438
0.48427
0.477321
0.478134
0.469564
0.469488
0.474627
0.485001
0.489776
0.487289
0.468174
0.469033
0.478704
0.475259
0.472355
0.472306
0.47292
0.486195
0.487738
0.492799
0.496351
0.502378
0.503519
0.495689
0.511835
0.531071
0.536316
0.521359
0.510883
0.515101
0.533123
0.524131
0.523213
0.517568
0.516629
0.51983
0.530787
0.530073
0.531042
0.538035
0.547489
0.542928
0.539374
0.54036
0.530211
0.539628
0.547074
0.543866
0.555642
0.555799
0.549397
0.549858
0.55332
0.569655
0.57619
0.577106
0.584264
0.577889
0.597028
0.597579
0.615634
0.607733
0.609606
0.589729
0.595657
0.594193
0.60143
0.61238
0.605313
0.605405
0.613918
0.625359
0.616314
0.60564
0.614019
0.615974
0.629363
0.637837
0.63796
0.648503
0.644553
0.642843
0.647538
0.666264
0.685025
0.700352
0.704566
0.717456
0.69436
0.687783
0.673971
0.696568
0.719585
0.719509
0.71436
0.714661
0.713605
0.72831
0.755325
0.744432
0.721676
0.698274
0.706149
0.708924
0.712868
0.718103
0.685688
0.689846
0.678971
0.685683
0.69167
0.686249
0.696251
0.696345
0.697832
0.723619
0.721153
0.720978
0.713728
0.713919
0.70982
0.734574
0.753612
0.779635
0.793366
0.797367
0.765988
0.772806
0.770268
0.77675
0.789297
0.775337
0.776853
0.768974
0.763301
0.779371
0.804244
0.809969
0.793745
0.780109
0.798842
0.818634
0.816906
0.830761
0.81528
0.801191
0.799368
0.816391
0.813952
0.832301
0.843947
0.853965
0.841182
0.827415
0.82205
0.846787
0.845606
0.835452
0.818135
0.823
0.807768
0.810622
0.796517
0.804953
0.798488
0.828495
0.806467
0.812573
0.797274
0.818005
0.828987
0.819899
0.804192
0.790048
0.790449
0.780486
0.786627
0.809041
0.81097
0.807062
0.804787
0.805479
0.800139
0.802849
0.799811
0.81996
0.816526
0.812698
0.804847
0.804151
0.795865
0.811082
0.805115
0.807148
0.788133
0.801097
0.798997
0.805111
0.803127
0.798986
0.785061
0.783591
0.790964
0.797425
0.808458
0.815722
0.812845
0.803831
0.80651
0.810071
0.813293
0.810682
0.801088
0.820182
0.823779
0.82436
0.805652
0.804213
0.808507
0.804824
0.801085
0.807331
0.819445
0.840577
0.833826
0.84572
0.831121
0.843899
0.835267
0.842929
0.879638
0.867975
0.859079
0.809813
0.811335
0.81015
0.788499
0.792207
0.816552
0.81865
0.803108
0.771051
0.786765
0.802014
0.807372
0.793157
0.776485
0.773187
0.772806
0.754826
0.75278
0.774277
0.778783
0.781104
0.776294
0.767173
0.779865
0.794
0.817416
0.822552
0.829595
0.811051
0.819507
0.830465
0.828701
0.817168
0.833772
0.854057
0.859264
0.864645
0.843554
0.849352
0.842156
0.84737
0.82702
0.816145
0.807346
0.823932
0.847169
0.852119
0.853407
0.84364
0.833017
0.817679
0.811703
0.794841
0.796061
0.785658
0.789521
0.780312
0.78539
0.784068
0.803774
0.802015
0.809468
0.79567
0.800444
0.807801
0.795178
0.793091
0.791442
0.780484
0.780182
0.802416
0.812297
0.814117
0.785893
0.778693
0.780545
0.794311
0.78382
0.773339
0.777196
0.790674
0.802337
0.811929
0.825988
0.822469
0.82575
0.828747
0.843226
0.832792
0.826372
0.817024
0.825991
0.834582
0.825956
0.834505
0.83167
0.831935
0.813266
0.815101
0.824931
0.8257
0.83909
0.822845
0.822598
0.806019
0.798413
0.801051
0.789064
0.788769
0.776495
0.776584
0.785056
0.783579
0.797989
0.818344
0.805415
0.816194
0.802775
0.799496
0.792013
0.813639
0.828488
0.825945
0.804074
0.799406
0.776598
0.791256
0.80848
0.828072
0.834398
0.82935
0.839936
0.831513
0.863443
0.856621
0.84623
0.843752
0.850736
0.854641
0.835568
0.821787
0.818106
0.816248
0.824054
0.815857
0.812953
0.807963
0.831954
0.822113
0.812612
0.794411
0.787089
0.780059
0.787162
0.80135
0.815471
0.808528
0.812559
0.809029
0.809637
0.798395
0.814773
0.783465
0.790238
0.779814
0.781875
0.772053
0.766604
0.769729
0.794557
0.788787
0.800258
0.766862
0.771441
0.737138
0.730648
0.753078
0.758012
0.742063
0.732294
0.749815
0.736388
0.711213
0.697779
0.691153
0.699369
0.707785
0.706896
0.727591
0.745432
0.746744
0.733372
0.712971
0.709716
0.712587
0.697514
0.695754
0.691266
0.691416
0.696984
0.699844
0.689621
0.641127
0.645136
0.659421
0.689846
0.694245
0.674031
0.65075
0.632554
0.638751
0.634094
0.606559
0.608982
0.59697
0.614534
0.624135
0.638173
0.618463
0.617041
0.615589
0.613366
0.566907
0.563155
0.558587
0.551777
0.548263
0.559162
0.573773
0.569302
0.572985
0.589457
0.521403
0.522795
0.513412
0.505896
0.493339
0.498246
0.496324
0.503868
0.489508
0.491294
0.462178
0.457201
0.464752
0.473377
0.457891
0.452753
0.445818
0.454901
0.446958
0.437457
0.409347
0.408645
0.414497
0.421128
0.423212
0.441543
0.440954
0.454657
0.444001
0.462707
0.398961
0.407379
0.374271
0.379889
0.37359
0.370942
0.379777
0.385503
0.386128
0.369095
0.331606
0.330691
0.344907
0.345426
0.345793
0.323652
0.357731
0.351732
0.354995
0.336522
0.293824
0.293698
0.291553
0.282645
0.278566
0.290855
0.293478
0.294484
0.284461
0.295246
0.087059
0.092955
0.160171
0.192661
0.198403
0.202666
0.479741
0.47857
0.576107
0.305592
0.174927
0.205585
0.237973
0.270801
0.274285
0.297874
0.331339
0.437068
0.438288
0.472802
0.338573
0.378449
0.354479
0.356845
0.392449
0.392894
0.391649
0.392504
0.512138
0.483906
0.498272
0.496574
0.502515
0.348147
0.350514
0.430606
0.3966
0.359537
0.359088
0.319491
0.496237
0.498048
0.51133
0.517183
0.515335
0.512084
0.511582
0.508335
0.509662
0.510687
0.506311
0.504251
0.510402
0.503922
0.508552
0.502028
0.503071
0.504224
0.50396
0.504171
0.487193
0.486041
0.488293
0.488488
0.488549
0.48942
0.488258
0.491441
0.493446
0.495333
0.494088
0.495306
0.496548
0.492916
0.492956
0.493214
0.494695
0.494176
0.496425
0.496647
0.497457
0.498856
0.499344
0.495188
0.496206
0.494071
0.494332
0.494205
0.498666
0.498376
0.483657
0.482948
0.486746
0.488397
0.487138
0.487205
0.490516
0.489273
0.49476
0.495427
0.486971
0.48361
0.482893
0.482896
0.486477
0.486965
0.496022
0.491923
0.493061
0.482554
0.475488
0.475407
0.47608
0.480504
0.480149
0.478383
0.47917
0.477768
0.477821
0.477698
0.473131
0.475257
0.475127
0.477261
0.476264
0.474486
0.473914
0.474129
0.471904
0.474503
0.468055
0.468011
0.464895
0.465303
0.466493
0.467318
0.465101
0.465124
0.465119
0.466433
0.464277
0.464841
0.464046
0.463034
0.463151
0.461386
0.463693
0.468448
0.469634
0.472412
0.473699
0.473111
0.473689
0.472161
0.475849
0.476911
0.477085
0.477686
0.477656
0.472692
0.471663
0.47178
0.470299
0.469343
0.469144
0.467976
0.468286
0.468566
0.47091
0.470608
0.469436
0.4676
0.467028
0.467333
0.46838
0.46624
0.46717
0.465958
0.469148
0.467316
0.469292
0.470807
0.472781
0.471479
0.470069
0.471108
0.470014
0.469298
0.471624
0.470692
0.468535
0.465617
0.465993
0.46602
0.466001
0.466985
0.468363
0.469444
0.469488
0.468526
0.467201
0.467029
0.466128
0.467567
0.466007
0.466688
0.467303
0.47505
0.47554
0.477867
0.470953
0.470424
0.476734
0.474865
0.475869
0.474458
0.472313
0.472288
0.47397
0.476096
0.474569
0.475048
0.476875
0.479849
0.484419
0.481779
0.481559
0.483878
0.481426
0.480698
0.477699
0.47811
0.477917
0.478531
0.477856
0.478928
0.478055
0.477497
0.478275
0.477317
0.46445
0.464427
0.464545
0.463654
0.472931
0.47285
0.472793
0.46511
0.464091
0.463302
0.463011
0.465218
0.467265
0.466161
0.465095
0.462498
0.464716
0.464115
0.465889
0.462494
0.472264
0.475712
0.47619
0.466382
0.464736
0.463785
0.46173
0.461718
0.462388
0.464983
0.46493
0.465268
0.464952
0.465742
0.4657
0.467208
0.468325
0.468834
0.472102
0.472583
0.463556
0.464302
0.468021
0.468301
0.468497
0.468623
0.468687
0.469762
0.469156
0.468455
0.469895
0.474747
0.475008
0.473405
0.476061
0.477076
0.480423
0.479861
0.490665
0.495989
0.481932
0.482438
0.480926
0.479226
0.480466
0.500835
0.50262
0.504401
0.485397
0.487957
0.485891
0.486413
0.489624
0.49029
0.492067
0.49334
0.492571
0.494316
0.493678
0.493732
0.492463
0.497235
0.492764
0.493122
0.494866
0.504275
0.510408
0.507269
0.501171
0.497727
0.490887
0.491412
0.491744
0.493731
0.497348
0.497728
0.501485
0.493042
0.492147
0.487855
0.479925
0.479829
0.482419
0.482996
0.484516
0.483728
0.479678
0.494295
0.497541
0.497018
0.484921
0.479205
0.476982
0.48012
0.492374
0.500231
0.507025
0.497397
0.499694
0.497827
0.511393
0.521678
0.527929
0.520573
0.513529
0.500032
0.499482
0.489216
0.485823
0.487304
0.489339
0.49216
0.493577
0.497057
0.500836
0.504999
0.504826
0.50501
0.496849
0.508306
0.52423
0.52884
0.509493
0.501894
0.503041
0.503668
0.501131
0.505895
0.501168
0.492161
0.486561
0.494018
0.487163
0.495439
0.482353
0.497013
0.487265
0.494093
0.510875
0.522027
0.503625
0.494542
0.509396
0.497061
0.49044
0.497831
0.490184
0.484446
0.467428
0.456525
0.470227
0.461209
0.476269
0.435388
0.451124
0.444819
0.452315
0.409002
0.410645
0.426264
0.468542
0.482691
0.481573
0.463387
0.471059
0.455025
0.456142
0.461127
0.495967
0.527037
0.534776
0.534312
0.516952
0.511282
0.539111
0.560793
0.560495
0.51888
0.518723
0.510087
0.559669
0.560188
0.572605
0.552212
0.546866
0.516979
0.523633
0.51414
0.500675
0.486713
0.491492
0.496949
0.497364
0.513474
0.523843
0.513235
0.547906
0.54007
0.542228
0.508225
0.487138
0.500599
0.519667
0.5456
0.541127
0.566833
0.554773
0.552677
0.503995
0.520722
0.537338
0.527684
0.541722
0.537689
0.541111
0.539424
0.554963
0.561767
0.561759
0.571389
0.559138
0.58459
0.590864
0.591608
0.588368
0.584137
0.606631
0.59229
0.639209
0.628748
0.5953
0.585883
0.578238
0.567119
0.576478
0.584308
0.615126
0.603257
0.607359
0.607193
0.561195
0.559928
0.56439
0.567863
0.584169
0.580871
0.595765
0.591377
0.615076
0.637421
0.578098
0.565378
0.562868
0.581317
0.591232
0.581852
0.576835
0.597167
0.591712
0.608021
0.55755
0.586842
0.562047
0.575613
0.54033
0.547398
0.515619
0.539333
0.537532
0.537866
0.53067
0.507634
0.507359
0.488771
0.502611
0.514009
0.505705
0.502001
0.511019
0.5254
0.534093
0.519226
0.513477
0.518399
0.530053
0.537784
0.543534
0.544131
0.560211
0.573042
0.56647
0.566872
0.572747
0.586161
0.570343
0.572318
0.556636
0.561589
0.559136
0.568889
0.56814
0.58783
0.594979
0.583442
0.569213
0.566939
0.565854
0.557368
0.565751
0.572656
0.567479
0.570514
0.584365
0.578486
0.614882
0.611983
0.600327
0.586037
0.573935
0.579946
0.544655
0.534029
0.520936
0.5267
0.518899
0.519106
0.514956
0.530951
0.533378
0.542985
0.525805
0.516031
0.511196
0.520492
0.554184
0.560199
0.565065
0.554964
0.55076
0.56827
0.545403
0.534851
0.543304
0.55653
0.571607
0.560832
0.567088
0.55724
0.539124
0.526114
0.530244
0.551236
0.552486
0.552814
0.54004
0.564853
0.573833
0.579511
0.549596
0.530767
0.503018
0.507518
0.50825
0.504044
0.514933
0.517941
0.514349
0.492564
0.492795
0.497751
0.466293
0.465386
0.465929
0.468349
0.462524
0.45808
0.444937
0.456028
0.46832
0.47704
0.462048
0.480781
0.48719
0.47731
0.469398
0.45047
0.450616
0.440037
0.447993
0.454493
0.464061
0.444123
0.44103
0.453449
0.46255
0.473148
0.452231
0.459001
0.454694
0.455244
0.44844
0.459817
0.467052
0.486954
0.485999
0.484248
0.456226
0.447293
0.462538
0.473518
0.5004
0.500883
0.491963
0.473505
0.480244
0.474926
0.483856
0.471426
0.455117
0.462756
0.459662
0.456439
0.464687
0.464889
0.467471
0.460872
0.464184
0.454674
0.452325
0.443363
0.46045
0.472189
0.458705
0.462723
0.460664
0.450142
0.448422
0.452713
0.458721
0.457882
0.452793
0.446425
0.451391
0.466249
0.468941
0.4614
0.459174
0.469054
0.47493
0.488048
0.47173
0.465793
0.468124
0.442355
0.441242
0.438364
0.445452
0.449043
0.439812
0.451146
0.447654
0.464048
0.476008
0.468358
0.469342
0.456456
0.44286
0.444652
0.444656
0.463572
0.45744
0.448371
0.447176
0.463789
0.454101
0.444719
0.437075
0.444564
0.444053
0.441569
0.456902
0.441977
0.432285
0.423398
0.429625
0.436077
0.433714
0.43473
0.432814
0.426465
0.447705
0.457995
0.462323
0.459729
0.459374
0.456861
0.434436
0.427607
0.41504
0.413877
0.43304
0.432628
0.422471
0.418323
0.43319
0.435782
0.440275
0.431871
0.435846
0.43515
0.42155
0.430575
0.436794
0.459761
0.454528
0.465887
0.453931
0.449495
0.45112
0.464109
0.460595
0.466623
0.480158
0.490136
0.487499
0.494455
0.493668
0.501828
0.497405
0.502576
0.506246
0.495727
0.496063
0.50412
0.514588
0.52716
0.537119
0.5362
0.530867
0.53024
0.530648
0.540946
0.529487
0.522727
0.511104
0.521734
0.543857
0.550353
0.549954
0.538766
0.542704
0.527268
0.516873
0.505859
0.518292
0.520445
0.525755
0.531637
0.522645
0.518911
0.513374
0.52502
0.52231
0.544264
0.535908
0.530966
0.502748
0.510748
0.508456
0.520918
0.506587
0.519885
0.514768
0.496626
0.480588
0.481728
0.492794
0.498156
0.492731
0.48968
0.478024
0.478732
0.479717
0.483392
0.485984
0.499968
0.494378
0.497927
0.513928
0.528758
0.524388
0.52649
0.513617
0.521616
0.535134
0.534358
0.545274
0.53455
0.534963
0.547723
0.569378
0.578936
0.556837
0.538647
0.529674
0.535979
0.536302
0.525696
0.524574
0.516131
0.52323
0.525348
0.524237
0.525139
0.518351
0.516358
0.529969
0.528503
0.52379
0.531783
0.5271
0.526146
0.522226
0.523947
0.525301
0.51585
0.505218
0.508726
0.510572
0.515391
0.51129
0.510751
0.499428
0.499539
0.50603
0.504104
0.513991
0.523855
0.531385
0.518743
0.515176
0.512063
0.506053
0.513322
0.510471
0.511146
0.508256
0.500619
0.508623
0.498458
0.492445
0.491323
0.490203
0.497691
0.487547
0.493908
0.498969
0.480782
0.486978
0.494138
0.488095
0.494128
0.496659
0.496261
0.504901
0.518348
0.524859
0.537834
0.535874
0.534836
0.544502
0.534292
0.530208
0.529047
0.524047
0.531937
0.525747
0.526468
0.5092
0.506609
0.528946
0.519547
0.530859
0.523775
0.53239
0.520588
0.520459
0.505191
0.512641
0.543332
0.570178
0.562977
0.564243
0.561635
0.570286
0.565934
0.56561
0.582309
0.593655
0.587596
0.592915
0.588905
0.590537
0.596571
0.601314
0.600302
0.611351
0.619243
0.640319
0.638916
0.63854
0.637764
0.645561
0.636567
0.633446
0.638735
0.634955
0.638281
0.632434
0.613238
0.617366
0.625205
0.637791
0.624586
0.609092
0.605897
0.60892
0.61803
0.628888
0.631406
0.631052
0.629828
0.64331
0.640444
0.63241
0.633866
0.646177
0.649615
0.628003
0.630657
0.645902
0.650193
0.654347
0.658728
0.645712
0.646127
0.646187
0.659957
0.663981
0.650165
0.651676
0.660847
0.666374
0.671899
0.67865
0.690409
0.676612
0.681707
0.691855
0.707986
0.706298
0.711245
0.713189
0.717704
0.723842
0.725776
0.711927
0.723272
0.716928
0.731179
0.731464
0.724022
0.728729
0.733435
0.741634
0.743524
0.7518
0.759321
0.770026
0.762936
0.775636
0.756032
0.769704
0.789434
0.786571
0.783776
0.778354
0.802171
0.795408
0.78473
0.799723
0.81727
0.800172
0.784076
0.779843
0.772404
0.775582
0.768855
0.801315
0.824998
0.825069
0.813822
0.802945
0.772948
0.774258
0.785305
0.799302
0.814702
0.815972
0.830851
0.818395
0.80924
0.813089
0.809749
0.824219
0.827041
0.814628
0.785008
0.772529
0.799445
0.789186
0.793751
0.782417
0.795849
0.795607
0.826284
0.829392
0.846644
0.847638
0.838428
0.848533
0.819648
0.831876
0.847573
0.862524
0.874401
0.902293
0.914152
0.910812
0.913297
0.914378
0.891537
0.868497
0.853466
0.902233
0.911509
0.914601
0.893619
0.89762
0.889516
0.877795
0.860134
0.846119
0.833881
0.837725
0.824894
0.823456
0.829084
0.847651
0.841197
0.852118
0.840698
0.870324
0.858139
0.871454
0.854386
0.833964
0.824805
0.815874
0.804849
0.787646
0.801886
0.806545
0.830103
0.831382
0.822096
0.837244
0.83676
0.850577
0.857096
0.864911
0.858329
0.864043
0.83803
0.846821
0.834926
0.850249
0.845687
0.859965
0.868135
0.868794
0.842416
0.867987
0.855202
0.86213
0.855677
0.868482
0.887233
0.873252
0.86737
0.85159
0.859343
0.853022
0.863494
0.859175
0.862855
0.867293
0.868672
0.862155
0.872776
0.86889
0.870056
0.875411
0.896493
0.864338
0.851874
0.817301
0.812938
0.831089
0.846998
0.833331
0.832787
0.831187
0.844646
0.846707
0.882744
0.875417
0.861755
0.843461
0.877669
0.884362
0.891264
0.894906
0.89129
0.889212
0.896373
0.881052
0.874422
0.860889
0.859223
0.88672
0.890213
0.877455
0.851113
0.841146
0.843227
0.829174
0.838604
0.842481
0.833592
0.852303
0.87634
0.900237
0.884557
0.889675
0.876893
0.884381
0.871505
0.872517
0.870269
0.876893
0.873834
0.888406
0.900853
0.903629
0.899717
0.897457
0.88015
0.877541
0.870779
0.855235
0.858391
0.881631
0.8814
0.884322
0.876351
0.889219
0.884044
0.88135
0.871967
0.866386
0.8532
0.843907
0.83287
0.822807
0.834636
0.823991
0.821807
0.820784
0.80632
0.802551
0.798624
0.800807
0.790161
0.792817
0.7973
0.798064
0.808379
0.821854
0.840362
0.826325
0.829331
0.813482
0.80448
0.79946
0.788924
0.809527
0.811646
0.813587
0.81603
0.825137
0.806702
0.820559
0.817427
0.820418
0.806176
0.804855
0.821142
0.804593
0.810589
0.789708
0.793598
0.81501
0.820983
0.820801
0.815678
0.825259
0.823036
0.838551
0.850727
0.8491
0.836592
0.82236
0.830407
0.853594
0.863731
0.864928
0.855628
0.840599
0.833676
0.844392
0.846367
0.853764
0.859327
0.870433
0.871212
0.852981
0.868551
0.839653
0.848621
0.829641
0.831616
0.836108
0.839454
0.853549
0.846178
0.841645
0.822869
0.826422
0.823848
0.785019
0.786356
0.801974
0.822128
0.803445
0.77926
0.747742
0.75942
0.777418
0.805587
0.779338
0.767004
0.752395
0.768213
0.755415
0.75918
0.73852
0.743096
0.748827
0.733981
0.722644
0.718701
0.726907
0.719833
0.729786
0.740046
0.746044
0.739163
0.742193
0.729314
0.71257
0.698477
0.689995
0.686697
0.705702
0.715626
0.707403
0.718513
0.694056
0.71274
0.67486
0.687473
0.682995
0.683409
0.69185
0.691322
0.692056
0.651187
0.650776
0.668849
0.641224
0.633115
0.640241
0.642652
0.66248
0.649982
0.645472
0.619496
0.610793
0.617904
0.557885
0.562297
0.559815
0.567104
0.572679
0.577201
0.55288
0.55639
0.537437
0.555092
0.505753
0.50067
0.477425
0.459255
0.465438
0.466352
0.467493
0.461473
0.459685
0.458713
0.420486
0.426013
0.450827
0.454128
0.46211
0.439399
0.451369
0.444387
0.4408
0.434247
0.382221
0.387226
0.375423
0.387565
0.388478
0.397326
0.383895
0.387612
0.383647
0.38873
0.35143
0.351703
0.35782
0.364644
0.366501
0.356256
0.360705
0.370279
0.369087
0.372021
0.339796
0.334754
0.331642
0.316364
0.313646
0.314225
0.310711
0.314265
0.301648
0.305521
0.148574
0.155752
0.196408
0.236085
0.240595
0.312461
0.311675
0.315612
0.316332
0.321745
0.34009
0.286798
0.322073
0.348816
0.375317
0.37818
0.379739
0.388811
0.389967
0.388432
0.378771
0.381604
0.385688
0.389196
0.3958
0.397548
0.394563
0.395285
0.399259
0.42864
0.34795
0.345974
0.266559
0.245809
0.252908
0.252201
0.411157
0.411682
0.414502
0.349622
0.404776
0.409072
0.412085
0.418666
0.426807
0.432086
0.435778
0.440628
0.44603
0.448206
0.432656
0.427191
0.430678
0.429333
0.424879
0.422689
0.43789
0.442341
0.444027
0.431805
0.416234
0.419166
0.423266
0.420672
0.418345
0.423913
0.423734
0.424475
0.412234
0.40617
0.392358
0.396444
0.403506
0.408469
0.419075
0.408077
0.411135
0.404744
0.405054
0.399886
0.398327
0.400938
0.4057
0.412363
0.416589
0.41082
0.411572
0.42206
0.423842
0.423762
0.413653
0.41101
0.411819
0.413899
0.408354
0.410902
0.418341
0.426293
0.426367
0.425891
0.416959
0.415
0.417473
0.420806
0.423728
0.421009
0.411295
0.411111
0.417336
0.416905
0.40447
0.409243
0.403302
0.401626
0.402482
0.400377
0.400866
0.40525
0.404813
0.406661
0.39567
0.39493
0.393282
0.396357
0.396648
0.399277
0.40071
0.404175
0.40961
0.40955
0.410185
0.396893
0.398198
0.398689
0.402971
0.401134
0.400958
0.394993
0.397539
0.391399
0.379873
0.379731
0.384027
0.385176
0.39205
0.39155
0.390521
0.386052
0.386457
0.387707
0.386202
0.390778
0.391739
0.390579
0.386203
0.386968
0.387546
0.388116
0.388802
0.392071
0.389713
0.388905
0.384899
0.387084
0.389418
0.389183
0.387771
0.385443
0.38901
0.3898
0.388686
0.385704
0.389144
0.389075
0.389945
0.384471
0.383388
0.3853
0.383611
0.380483
0.379829
0.38253
0.383333
0.385229
0.383038
0.382031
0.382015
0.38195
0.382627
0.383841
0.378778
0.376882
0.377567
0.378585
0.376729
0.377761
0.376002
0.377021
0.379775
0.379467
0.374404
0.374411
0.375446
0.375424
0.375815
0.376155
0.375272
0.379606
0.383372
0.382606
0.384227
0.38554
0.38515
0.382668
0.382239
0.38459
0.385347
0.384709
0.387505
0.387596
0.390763
0.398886
0.399824
0.398709
0.391132
0.391634
0.392524
0.392507
0.382785
0.382204
0.377175
0.381415
0.379431
0.379531
0.381108
0.38282
0.387147
0.389258
0.388835
0.387634
0.369215
0.369082
0.370459
0.37121
0.370975
0.370465
0.371177
0.370846
0.369672
0.37161
0.375091
0.374807
0.375504
0.373416
0.375177
0.375121
0.374394
0.375042
0.374507
0.37346
0.370944
0.372019
0.37306
0.37221
0.373799
0.374193
0.37359
0.370838
0.371129
0.371178
0.375302
0.37607
0.377045
0.375923
0.377151
0.376022
0.374821
0.367612
0.367797
0.367483
0.365908
0.365236
0.370454
0.36981
0.37106
0.369861
0.375814
0.376692
0.376789
0.376613
0.379398
0.380512
0.380398
0.380715
0.382031
0.383463
0.384233
0.386606
0.386539
0.388409
0.389443
0.38908
0.386303
0.387797
0.388451
0.391296
0.388633
0.398589
0.405767
0.403698
0.380036
0.37692
0.375835
0.374777
0.372048
0.372665
0.369718
0.36943
0.370873
0.370923
0.37248
0.373049
0.370944
0.377047
0.376107
0.376311
0.366604
0.364663
0.362333
0.371078
0.365335
0.35294
0.347216
0.348667
0.350809
0.352172
0.353745
0.352802
0.358312
0.356878
0.354757
0.351013
0.35415
0.353446
0.352689
0.351343
0.347725
0.3513
0.348972
0.352519
0.347024
0.350303
0.350457
0.349599
0.351352
0.351107
0.352978
0.361531
0.362717
0.363296
0.351214
0.349785
0.356448
0.364509
0.365194
0.361767
0.355257
0.35409
0.355271
0.358753
0.369437
0.382203
0.380731
0.374871
0.36286
0.36605
0.366888
0.368314
0.370255
0.370274
0.377612
0.385531
0.377059
0.379518
0.365459
0.360046
0.363473
0.359869
0.357973
0.362121
0.362978
0.361458
0.367017
0.363957
0.370284
0.375229
0.389139
0.377714
0.369863
0.361566
0.364371
0.362103
0.366274
0.36619
0.364931
0.355856
0.362317
0.362807
0.363566
0.352014
0.357855
0.349981
0.36946
0.363956
0.353254
0.339203
0.347327
0.320702
0.311209
0.306649
0.309991
0.31695
0.322421
0.306029
0.325956
0.316332
0.326608
0.290956
0.319923
0.342116
0.341352
0.297287
0.278532
0.281704
0.303863
0.321521
0.347842
0.34616
0.344807
0.327769
0.332115
0.339183
0.343763
0.333185
0.33714
0.348423
0.340706
0.318554
0.345481
0.350196
0.364122
0.336552
0.342494
0.359066
0.345271
0.354186
0.362481
0.357864
0.345411
0.354673
0.369059
0.391721
0.390319
0.398497
0.407938
0.396148
0.372101
0.354996
0.380858
0.398965
0.409425
0.41499
0.406901
0.412757
0.406693
0.426318
0.425566
0.432331
0.427064
0.465607
0.44038
0.449612
0.418825
0.423993
0.429261
0.451202
0.454754
0.436424
0.441793
0.466936
0.483271
0.481481
0.476194
0.461767
0.469735
0.47043
0.471537
0.466995
0.465254
0.467772
0.472261
0.475009
0.475703
0.487726
0.509916
0.525993
0.527382
0.538473
0.541746
0.508299
0.489402
0.485357
0.497513
0.489832
0.496764
0.493101
0.516694
0.531687
0.549579
0.565937
0.578391
0.558331
0.582896
0.578766
0.613547
0.585359
0.593028
0.59399
0.607625
0.600818
0.583157
0.601026
0.610223
0.611935
0.577939
0.585101
0.592836
0.626705
0.623873
0.629006
0.618554
0.639919
0.653261
0.68074
0.662486
0.663439
0.674981
0.668168
0.637794
0.612118
0.639397
0.698221
0.697438
0.69746
0.663839
0.674476
0.679411
0.715083
0.71247
0.71845
0.705638
0.689535
0.70698
0.70714
0.71459
0.707189
0.722791
0.716819
0.717839
0.697547
0.687717
0.699881
0.724492
0.729
0.752429
0.77192
0.767792
0.75777
0.764382
0.782599
0.753403
0.751427
0.748702
0.767793
0.770836
0.774984
0.772452
0.771813
0.772576
0.800524
0.782547
0.785913
0.776353
0.779081
0.756169
0.762128
0.753852
0.741917
0.733296
0.730873
0.703785
0.721227
0.712815
0.730825
0.719615
0.753699
0.748158
0.731641
0.706626
0.702994
0.719478
0.716332
0.735579
0.703422
0.716919
0.732409
0.727444
0.713516
0.676766
0.682948
0.678721
0.681667
0.703167
0.696775
0.686298
0.683579
0.672144
0.667909
0.66564
0.664944
0.665847
0.687946
0.690622
0.688181
0.66398
0.653045
0.656185
0.654078
0.659793
0.653274
0.657749
0.652529
0.621953
0.622483
0.636046
0.64091
0.624939
0.615204
0.610719
0.618096
0.611898
0.631475
0.624299
0.64389
0.645943
0.644071
0.632548
0.639214
0.654334
0.671662
0.646716
0.650096
0.624662
0.624093
0.618867
0.633108
0.637086
0.62901
0.62646
0.631613
0.62961
0.656309
0.678336
0.664941
0.641135
0.625932
0.622948
0.619155
0.618302
0.635823
0.631096
0.622525
0.634753
0.628906
0.631732
0.648468
0.631862
0.641657
0.637586
0.651149
0.663345
0.667849
0.6698
0.669767
0.672663
0.689413
0.67139
0.677607
0.671077
0.695032
0.69023
0.699204
0.686262
0.670976
0.694688
0.688842
0.686661
0.67146
0.677532
0.671748
0.678251
0.666176
0.662701
0.671472
0.682709
0.688202
0.667986
0.651144
0.653919
0.644862
0.646339
0.655913
0.658525
0.666188
0.656785
0.662475
0.649839
0.658512
0.639325
0.650407
0.664059
0.6519
0.627518
0.606015
0.608004
0.619643
0.617388
0.632443
0.627834
0.619723
0.614252
0.615391
0.59897
0.595558
0.607874
0.604315
0.599235
0.584912
0.574575
0.569399
0.590234
0.590027
0.599911
0.608113
0.617944
0.617404
0.615084
0.578474
0.589299
0.603716
0.597375
0.583544
0.57785
0.59466
0.600109
0.599022
0.584161
0.595388
0.593574
0.601608
0.580417
0.585876
0.596786
0.609813
0.619823
0.618683
0.62198
0.617355
0.625658
0.627165
0.611529
0.616014
0.622248
0.622157
0.624877
0.650312
0.643351
0.665206
0.658937
0.665041
0.672981
0.666149
0.665175
0.673759
0.694009
0.689277
0.709924
0.700028
0.709356
0.685499
0.664897
0.665099
0.661467
0.649094
0.653337
0.651392
0.685208
0.701717
0.695751
0.695673
0.666028
0.671754
0.68124
0.696986
0.701347
0.708429
0.699472
0.696492
0.71291
0.706435
0.698885
0.678177
0.688291
0.689924
0.693395
0.695992
0.711116
0.713227
0.722729
0.722442
0.718489
0.731368
0.738365
0.732362
0.710537
0.710892
0.706053
0.705701
0.709095
0.736983
0.719389
0.71597
0.703704
0.689924
0.706701
0.733215
0.734645
0.73402
0.712352
0.688271
0.693141
0.699251
0.681452
0.676094
0.662165
0.654742
0.663476
0.668097
0.681235
0.684612
0.688846
0.689834
0.682646
0.676024
0.665255
0.678646
0.677023
0.676937
0.6796
0.67487
0.675335
0.671429
0.692362
0.694613
0.691309
0.691094
0.698489
0.695704
0.680645
0.679189
0.666961
0.665918
0.66294
0.657965
0.667365
0.661118
0.669958
0.664033
0.672182
0.667087
0.663704
0.660752
0.665293
0.672892
0.673112
0.670098
0.672369
0.677005
0.673555
0.672556
0.666506
0.677204
0.694206
0.677927
0.66313
0.643647
0.645268
0.642655
0.637905
0.647557
0.654057
0.654459
0.65408
0.647321
0.648645
0.65215
0.635539
0.636429
0.630455
0.629106
0.631879
0.631927
0.624563
0.620436
0.626996
0.636012
0.642654
0.620881
0.6262
0.645855
0.652026
0.659923
0.64477
0.641989
0.636087
0.637413
0.631994
0.641416
0.638334
0.639265
0.64142
0.640319
0.640063
0.626847
0.639839
0.66562
0.664797
0.658145
0.654943
0.648141
0.66171
0.669691
0.678353
0.670381
0.662769
0.672808
0.662106
0.671321
0.671113
0.678285
0.6974
0.706157
0.730558
0.72697
0.74833
0.730489
0.730196
0.723957
0.721564
0.727731
0.743003
0.730942
0.732049
0.747536
0.759733
0.747607
0.727239
0.718595
0.74105
0.730919
0.733714
0.722931
0.728835
0.717949
0.712417
0.700853
0.693004
0.698793
0.718971
0.728376
0.735538
0.743214
0.740585
0.729379
0.71037
0.723811
0.754178
0.759128
0.760602
0.752081
0.769506
0.751867
0.751957
0.763418
0.761133
0.753009
0.750352
0.738608
0.731899
0.735734
0.7561
0.736735
0.739611
0.739038
0.74661
0.755106
0.733197
0.764616
0.758338
0.783742
0.767382
0.784544
0.790529
0.793672
0.80366
0.792329
0.808118
0.805498
0.808778
0.80343
0.813247
0.8185
0.841026
0.853963
0.854669
0.843953
0.847131
0.841818
0.865174
0.850815
0.850673
0.852474
0.841859
0.83
0.807655
0.804079
0.80151
0.820212
0.820654
0.806957
0.815936
0.805624
0.810087
0.793393
0.790756
0.798848
0.790696
0.800769
0.799257
0.82513
0.803322
0.828232
0.80418
0.807176
0.782374
0.779571
0.778089
0.790321
0.803526
0.819554
0.846975
0.843616
0.881093
0.885759
0.904609
0.881531
0.868531
0.865132
0.858181
0.864457
0.854731
0.860814
0.846295
0.832599
0.827055
0.841764
0.839027
0.82191
0.805419
0.80059
0.798626
0.818377
0.830728
0.863176
0.861564
0.86965
0.84897
0.853919
0.843507
0.847975
0.838545
0.828719
0.807447
0.823174
0.823354
0.83583
0.83428
0.829459
0.81422
0.82595
0.857276
0.870438
0.83871
0.827982
0.833855
0.824523
0.81054
0.78483
0.814147
0.826401
0.831407
0.831683
0.842776
0.83745
0.845807
0.838887
0.862647
0.853344
0.854265
0.852361
0.834223
0.830149
0.82718
0.822717
0.814019
0.820503
0.823108
0.840626
0.845938
0.853882
0.833998
0.82673
0.835976
0.854969
0.862862
0.86567
0.850881
0.838875
0.843633
0.848806
0.860231
0.867363
0.852137
0.849194
0.839092
0.816348
0.818357
0.842791
0.839374
0.812152
0.783988
0.810707
0.828827
0.833227
0.816986
0.810531
0.802101
0.782749
0.782134
0.790931
0.769718
0.772974
0.778802
0.784589
0.800888
0.790326
0.795659
0.774511
0.778274
0.762735
0.780265
0.78651
0.775018
0.764852
0.766015
0.771033
0.769328
0.772203
0.772019
0.792684
0.797761
0.78665
0.789638
0.764933
0.77398
0.768278
0.785884
0.776541
0.791349
0.794668
0.790368
0.792516
0.77828
0.767099
0.776469
0.762923
0.761441
0.747572
0.759888
0.757686
0.781595
0.781391
0.783963
0.759286
0.748468
0.752377
0.75553
0.762007
0.752636
0.738889
0.732542
0.744547
0.74567
0.750728
0.752913
0.763607
0.76919
0.777709
0.75745
0.760544
0.748374
0.747373
0.755915
0.766933
0.780106
0.790631
0.775694
0.785795
0.775893
0.779961
0.770301
0.786581
0.797901
0.797249
0.779184
0.781787
0.798743
0.812494
0.821075
0.803632
0.788556
0.781729
0.785434
0.785608
0.790794
0.79197
0.793326
0.774802
0.783676
0.781008
0.772027
0.765079
0.773203
0.759261
0.763648
0.781442
0.79951
0.80694
0.780069
0.776572
0.777574
0.784228
0.774825
0.77766
0.789924
0.813065
0.801742
0.814181
0.798157
0.787164
0.789334
0.789501
0.798153
0.797913
0.813033
0.808841
0.795245
0.788938
0.795341
0.783541
0.754013
0.753665
0.759218
0.760625
0.765178
0.767076
0.765824
0.776501
0.757989
0.779965
0.767773
0.782929
0.764274
0.759363
0.747631
0.744076
0.734348
0.744815
0.735968
0.740486
0.744648
0.748768
0.759769
0.738376
0.741528
0.741132
0.73588
0.749578
0.745261
0.761002
0.714753
0.714252
0.708436
0.717558
0.735649
0.762745
0.754164
0.742234
0.726608
0.715703
0.702334
0.68407
0.71855
0.724365
0.738127
0.729024
0.709283
0.701416
0.699715
0.707756
0.706732
0.702784
0.698416
0.673124
0.669237
0.654578
0.669545
0.676365
0.702285
0.698697
0.655828
0.640659
0.626994
0.633766
0.640591
0.651139
0.64314
0.638581
0.607073
0.616564
0.596131
0.602527
0.598844
0.60543
0.606356
0.596161
0.601528
0.595063
0.606774
0.610962
0.578346
0.580493
0.588577
0.594943
0.601256
0.588582
0.587272
0.579645
0.58592
0.610831
0.591242
0.61258
0.596072
0.572251
0.559744
0.561525
0.543501
0.55049
0.557448
0.554222
0.491006
0.491503
0.496077
0.49467
0.477536
0.478803
0.478781
0.466523
0.468137
0.452674
0.444577
0.418794
0.411099
0.41808
0.431028
0.426339
0.429681
0.436384
0.447398
0.44974
0.407901
0.387904
0.391806
0.386251
0.397036
0.403577
0.404502
0.419543
0.417422
0.409887
0.376996
0.382755
0.376449
0.383772
0.385582
0.390278
0.384561
0.392475
0.394242
0.392008
0.360657
0.363244
0.364293
0.375953
0.372091
0.36887
0.355599
0.369504
0.372258
0.367322
0.087977
0.130309
0.216834
0.22079
0.227166
0.233749
0.297141
0.320136
0.328407
0.361017
0.276233
0.309078
0.314214
0.341825
0.353435
0.534897
0.567221
0.627312
0.451379
0.454284
0.355878
0.359949
0.337311
0.341729
0.371976
0.54683
0.518351
0.62461
0.455503
0.484108
0.386547
0.46819
0.506272
0.506793
0.358946
0.36218
0.330989
0.263727
0.265987
0.30474
0.326583
0.325935
0.335898
0.339226
0.336589
0.336118
0.346308
0.348741
0.347454
0.349042
0.340673
0.337934
0.337582
0.335129
0.335532
0.333192
0.324891
0.332499
0.332487
0.336186
0.323671
0.328311
0.331166
0.327216
0.327113
0.326145
0.330259
0.329979
0.331889
0.331798
0.333109
0.337035
0.336248
0.337709
0.341228
0.353599
0.356455
0.349074
0.348245
0.343495
0.331251
0.350177
0.353122
0.353287
0.335048
0.337902
0.341359
0.341645
0.341054
0.333774
0.324393
0.329138
0.328236
0.325394
0.323964
0.323593
0.323848
0.331476
0.330814
0.333417
0.329469
0.332626
0.329688
0.329657
0.331172
0.332604
0.332934
0.332282
0.334262
0.334635
0.328701
0.330483
0.328686
0.328547
0.328277
0.328765
0.327688
0.323097
0.320971
0.319855
0.315393
0.31414
0.313296
0.313478
0.314431
0.315516
0.318017
0.319983
0.32096
0.318187
0.311269
0.311265
0.311158
0.309723
0.31139
0.313336
0.315245
0.318188
0.319581
0.320137
0.314804
0.317621
0.321009
0.319423
0.318057
0.317563
0.316953
0.317585
0.316633
0.316218
0.31455
0.316352
0.319091
0.319457
0.321632
0.320127
0.327585
0.326353
0.329806
0.320557
0.315378
0.309874
0.309153
0.309222
0.314838
0.316076
0.317677
0.323773
0.32398
0.323975
0.31591
0.317289
0.316748
0.319723
0.327123
0.326605
0.32688
0.322942
0.321682
0.322811
0.316898
0.317583
0.317358
0.316604
0.318901
0.316241
0.3166
0.313819
0.316193
0.316539
0.319907
0.318466
0.319991
0.319012
0.319341
0.318121
0.321389
0.323993
0.324334
0.319668
0.304722
0.300925
0.299424
0.299639
0.300292
0.300279
0.300554
0.301975
0.300811
0.300914
0.29996
0.300919
0.300008
0.299997
0.302462
0.302113
0.300678
0.299651
0.310637
0.311637
0.310292
0.301762
0.301883
0.303989
0.304361
0.30394
0.303097
0.306417
0.3052
0.306163
0.298331
0.297131
0.296965
0.29821
0.298257
0.300331
0.298861
0.298002
0.296474
0.297638
0.29703
0.2974
0.299355
0.29941
0.300944
0.299891
0.300508
0.300386
0.297397
0.298654
0.299319
0.300487
0.300584
0.302377
0.303915
0.302128
0.301353
0.301668
0.301012
0.303066
0.30296
0.303962
0.306069
0.306349
0.305018
0.304338
0.302564
0.303621
0.302612
0.300751
0.29963
0.299496
0.301055
0.305138
0.307561
0.309968
0.308464
0.308095
0.30835
0.306402
0.305772
0.305014
0.308341
0.307804
0.313446
0.312973
0.312992
0.311512
0.309857
0.312421
0.316508
0.316987
0.315924
0.312
0.312594
0.310105
0.308876
0.30899
0.310434
0.310847
0.308851
0.315541
0.316118
0.320316
0.312748
0.309948
0.307719
0.315799
0.319893
0.321225
0.313951
0.310729
0.310267
0.306971
0.307979
0.307128
0.309732
0.311372
0.31163
0.309295
0.307192
0.306951
0.306332
0.306168
0.315101
0.315692
0.316031
0.310831
0.31032
0.312468
0.298921
0.297622
0.296523
0.294475
0.302703
0.295927
0.295536
0.29174
0.300002
0.299864
0.300001
0.290284
0.289537
0.292794
0.292896
0.301492
0.301531
0.29951
0.293632
0.289861
0.290875
0.293903
0.295297
0.292396
0.289493
0.290931
0.291456
0.29097
0.293517
0.291993
0.301791
0.303649
0.306644
0.3019
0.308696
0.310178
0.308953
0.308292
0.290871
0.293638
0.289105
0.287941
0.302387
0.304751
0.315263
0.304756
0.300427
0.290104
0.290579
0.274114
0.273793
0.273827
0.258626
0.260181
0.259372
0.261419
0.260752
0.251675
0.249301
0.251273
0.259373
0.260682
0.267319
0.257784
0.257774
0.240265
0.235495
0.225361
0.224506
0.230758
0.251459
0.245596
0.23809
0.229354
0.253518
0.254768
0.286761
0.262815
0.263545
0.2454
0.241724
0.241659
0.241042
0.249749
0.252058
0.252016
0.24539
0.250808
0.252264
0.257424
0.269898
0.266066
0.252892
0.249258
0.258691
0.267815
0.282897
0.285719
0.300217
0.301512
0.300625
0.298567
0.317307
0.314358
0.31336
0.30731
0.319789
0.333741
0.343268
0.351566
0.329087
0.343528
0.349106
0.362545
0.363369
0.35104
0.353429
0.329908
0.315581
0.311727
0.336573
0.33391
0.346267
0.332856
0.332781
0.339547
0.34514
0.357904
0.363134
0.357204
0.339512
0.325441
0.350544
0.363209
0.374621
0.380791
0.361943
0.366063
0.355777
0.36403
0.380214
0.378851
0.391814
0.401777
0.397558
0.400634
0.393364
0.393182
0.418999
0.420318
0.441862
0.458631
0.459627
0.464028
0.443485
0.433456
0.438199
0.453241
0.474042
0.491046
0.509002
0.510399
0.504523
0.472569
0.490459
0.484713
0.506502
0.511951
0.52105
0.50795
0.51183
0.512259
0.511575
0.488396
0.4977
0.524317
0.565045
0.54055
0.535854
0.494231
0.498758
0.502692
0.510032
0.53195
0.542931
0.543556
0.540188
0.562525
0.558922
0.550811
0.52087
0.530174
0.54055
0.563604
0.583567
0.589052
0.595667
0.57174
0.590333
0.609144
0.621953
0.61346
0.606772
0.595787
0.621787
0.639659
0.641531
0.633307
0.639777
0.649366
0.65374
0.673259
0.654643
0.656387
0.657732
0.664824
0.700312
0.665995
0.670284
0.654838
0.67077
0.673556
0.668477
0.694018
0.695809
0.689593
0.701941
0.714682
0.699623
0.672266
0.669405
0.668931
0.680512
0.66542
0.686619
0.727276
0.747861
0.745498
0.724289
0.734823
0.737939
0.765961
0.761178
0.77572
0.748629
0.76847
0.787936
0.79259
0.773681
0.75034
0.747149
0.733625
0.729513
0.720391
0.725845
0.731441
0.742759
0.768591
0.781709
0.777195
0.747392
0.744337
0.765782
0.754865
0.756366
0.726124
0.714468
0.716771
0.726381
0.728831
0.714173
0.741294
0.759108
0.753023
0.760528
0.757425
0.743408
0.751906
0.755526
0.773946
0.795485
0.783256
0.776695
0.750706
0.748196
0.744186
0.747393
0.748711
0.74659
0.756254
0.747026
0.741578
0.72639
0.728607
0.733728
0.735693
0.730873
0.726439
0.739085
0.723335
0.722147
0.715059
0.713393
0.686657
0.687674
0.666086
0.64173
0.684637
0.699767
0.727149
0.692912
0.699322
0.670164
0.664148
0.628861
0.617638
0.624045
0.642973
0.646192
0.665996
0.665234
0.673496
0.688993
0.682638
0.678833
0.682724
0.680093
0.663917
0.67877
0.648148
0.671099
0.684279
0.691062
0.687607
0.671429
0.684377
0.678944
0.683665
0.687104
0.662566
0.649155
0.643893
0.655614
0.66468
0.660612
0.638909
0.62773
0.655451
0.659895
0.668841
0.674066
0.664442
0.684446
0.654472
0.652686
0.639401
0.652439
0.650043
0.654691
0.658733
0.657135
0.667704
0.65479
0.640625
0.641306
0.623092
0.614415
0.604926
0.610088
0.607813
0.5981
0.600083
0.579755
0.583978
0.58305
0.582808
0.562064
0.58757
0.558986
0.552759
0.535777
0.528518
0.545589
0.555527
0.554834
0.545062
0.551282
0.556628
0.564384
0.572396
0.573334
0.55807
0.552343
0.561986
0.550134
0.560742
0.549791
0.54807
0.557323
0.569119
0.581517
0.58711
0.574873
0.576259
0.571295
0.574414
0.574415
0.570698
0.589373
0.57571
0.563298
0.563464
0.573017
0.567194
0.572226
0.578218
0.587537
0.576058
0.58073
0.582628
0.584855
0.576381
0.574016
0.568717
0.569564
0.549502
0.557804
0.580021
0.589262
0.590921
0.581057
0.576966
0.577254
0.569282
0.561972
0.580664
0.598433
0.599748
0.605879
0.619787
0.642274
0.66108
0.650729
0.636475
0.631896
0.639675
0.652872
0.671775
0.672542
0.639384
0.611896
0.624629
0.643526
0.634216
0.624647
0.615583
0.62654
0.638357
0.655474
0.648257
0.640529
0.611688
0.601241
0.624646
0.630154
0.647138
0.643076
0.636342
0.628916
0.635197
0.619566
0.634786
0.637215
0.659658
0.66067
0.663803
0.649345
0.664364
0.648075
0.65769
0.636231
0.651285
0.639476
0.648475
0.658101
0.662882
0.68407
0.666115
0.64418
0.641835
0.647393
0.653073
0.668324
0.659834
0.643419
0.635539
0.638867
0.649688
0.657148
0.644355
0.645744
0.657455
0.65732
0.663128
0.654034
0.659146
0.658759
0.684495
0.691537
0.692829
0.671067
0.662784
0.660311
0.660478
0.65212
0.65214
0.652217
0.658805
0.666587
0.662952
0.669488
0.667921
0.664178
0.656141
0.673137
0.667572
0.680091
0.666073
0.660512
0.678762
0.669691
0.696508
0.697823
0.69682
0.68235
0.677166
0.704566
0.707313
0.701974
0.685044
0.688806
0.685695
0.683279
0.665602
0.677126
0.657543
0.657965
0.654866
0.66034
0.668029
0.641331
0.645796
0.634756
0.649664
0.643698
0.637568
0.621866
0.614832
0.628531
0.658514
0.662465
0.658996
0.672217
0.674822
0.672767
0.656991
0.652112
0.649554
0.633532
0.640977
0.614772
0.612422
0.628535
0.630777
0.62071
0.617428
0.61703
0.627632
0.620279
0.606049
0.624109
0.635076
0.624349
0.639078
0.635506
0.630635
0.621146
0.632933
0.641797
0.650552
0.641733
0.639618
0.634347
0.64828
0.660731
0.649727
0.648806
0.631897
0.651177
0.665772
0.673608
0.662919
0.642566
0.637027
0.632901
0.63487
0.644651
0.652254
0.662849
0.674622
0.660505
0.662257
0.672877
0.672085
0.679678
0.680682
0.668613
0.676338
0.673683
0.655877
0.654817
0.647719
0.664318
0.665595
0.676177
0.683913
0.678697
0.670332
0.67783
0.682201
0.690434
0.70822
0.715891
0.724934
0.706681
0.711502
0.720823
0.721831
0.696634
0.707494
0.713182
0.734878
0.739616
0.734444
0.731398
0.714763
0.713258
0.712465
0.705744
0.712011
0.7149
0.750998
0.739773
0.752627
0.76688
0.76138
0.759112
0.765452
0.771766
0.765784
0.764467
0.768115
0.765485
0.770762
0.767646
0.758469
0.74078
0.744247
0.752218
0.778356
0.772313
0.752917
0.742888
0.749767
0.748208
0.75993
0.744956
0.748533
0.751699
0.758728
0.780127
0.792085
0.802115
0.784058
0.774328
0.787337
0.806935
0.827156
0.81244
0.797975
0.797938
0.814505
0.810636
0.82742
0.816988
0.845882
0.846974
0.830465
0.830847
0.825623
0.819634
0.805999
0.80225
0.79314
0.794484
0.812938
0.816299
0.811586
0.811486
0.813368
0.803493
0.814048
0.824454
0.826124
0.843085
0.822617
0.823162
0.830087
0.830898
0.83879
0.802656
0.797308
0.787951
0.816164
0.824315
0.830006
0.82754
0.826612
0.847579
0.857481
0.86203
0.845651
0.829604
0.822901
0.810187
0.810352
0.813518
0.808959
0.814471
0.821473
0.826939
0.807974
0.835187
0.845524
0.850697
0.826043
0.848272
0.84865
0.829504
0.832753
0.832403
0.830944
0.846407
0.857407
0.873375
0.852612
0.883488
0.863493
0.875933
0.840748
0.833471
0.843561
0.875301
0.899254
0.894729
0.875884
0.837641
0.855061
0.870631
0.864577
0.869204
0.861811
0.854845
0.863252
0.844898
0.847808
0.838179
0.838266
0.836055
0.831859
0.830701
0.832597
0.836831
0.831366
0.836159
0.848967
0.838511
0.842609
0.832549
0.83699
0.866167
0.877098
0.87613
0.844154
0.839651
0.855452
0.886936
0.911329
0.914382
0.908158
0.868996
0.848043
0.860518
0.864218
0.855458
0.829338
0.847491
0.834542
0.81993
0.820807
0.805974
0.808999
0.80153
0.782718
0.791022
0.796357
0.822986
0.827025
0.826031
0.797981
0.773382
0.769367
0.768533
0.78123
0.803664
0.814096
0.79816
0.781764
0.781714
0.781107
0.770788
0.777093
0.786055
0.784128
0.764708
0.766524
0.759073
0.753153
0.74293
0.761107
0.774859
0.801009
0.791702
0.790471
0.789867
0.786095
0.767706
0.775914
0.784359
0.783422
0.804988
0.820128
0.819611
0.802193
0.805558
0.814739
0.819314
0.832678
0.826479
0.818186
0.794203
0.774136
0.769948
0.779667
0.777342
0.799926
0.792144
0.807977
0.821124
0.841116
0.811122
0.788919
0.781857
0.769737
0.767488
0.756574
0.765995
0.762074
0.77642
0.7723
0.785294
0.78771
0.791787
0.781263
0.779974
0.776623
0.789049
0.798061
0.794427
0.76048
0.755131
0.767763
0.779725
0.802585
0.817477
0.815475
0.797176
0.777443
0.78232
0.78727
0.806837
0.78759
0.790187
0.791064
0.798927
0.811653
0.791355
0.785542
0.763625
0.762944
0.751591
0.747941
0.740094
0.741578
0.732605
0.727071
0.727477
0.738706
0.754566
0.76433
0.760633
0.758051
0.763413
0.769817
0.776379
0.77057
0.772589
0.78433
0.787485
0.777857
0.780871
0.781252
0.803316
0.813622
0.81904
0.820438
0.809886
0.825899
0.826241
0.819651
0.813082
0.811723
0.796939
0.770132
0.77118
0.76164
0.762308
0.756125
0.769366
0.785915
0.760378
0.767487
0.752178
0.749997
0.763163
0.754723
0.761478
0.734266
0.730745
0.728569
0.733562
0.757342
0.80562
0.811276
0.804979
0.762822
0.781796
0.778981
0.771823
0.778428
0.771768
0.772084
0.782185
0.791372
0.816347
0.812685
0.801861
0.773409
0.754851
0.741421
0.736626
0.741624
0.738181
0.725926
0.729211
0.755811
0.739923
0.727864
0.722702
0.727042
0.687892
0.682877
0.663101
0.67467
0.673759
0.667382
0.680386
0.682808
0.687443
0.673754
0.662623
0.66904
0.671363
0.682787
0.671246
0.667176
0.665987
0.673354
0.684351
0.667321
0.670518
0.657049
0.677288
0.662564
0.675674
0.670638
0.671048
0.656608
0.667546
0.669136
0.650014
0.646795
0.662584
0.660431
0.675455
0.680214
0.680666
0.658199
0.674933
0.681569
0.659292
0.653182
0.640367
0.630813
0.623976
0.625539
0.622061
0.638316
0.641437
0.646982
0.610746
0.615638
0.59961
0.591908
0.588875
0.594597
0.594929
0.594076
0.578425
0.577969
0.532086
0.54361
0.55693
0.568531
0.561539
0.550802
0.54207
0.534063
0.522274
0.536323
0.479753
0.488683
0.483723
0.490482
0.487004
0.487942
0.486588
0.505842
0.509163
0.511555
0.456121
0.447154
0.451811
0.451289
0.454459
0.454763
0.454884
0.454517
0.470375
0.464532
0.421291
0.403546
0.404783
0.395455
0.391171
0.392119
0.391389
0.395024
0.416681
0.417922
0.38406
0.370797
0.372661
0.363386
0.377477
0.380991
0.373732
0.37139
0.356926
0.364291
0.336654
0.332246
0.331208
0.332769
0.347721
0.349594
0.353014
0.342607
0.349179
0.338747
0.0537
0.19237
0.225836
0.259246
0.168565
0.2039
0.214289
0.216697
0.262059
0.261117
0.256129
0.287795
0.290012
0.292494
0.317663
0.444559
0.443517
0.448677
0.455246
0.458433
0.393297
0.355883
0.328938
0.266637
0.356839
0.387813
0.424334
0.372427
0.340124
0.346305
0.305863
0.307348
0.309124
0.315875
0.315724
0.315017
0.279249
0.318712
0.370662
0.342659
0.448548
0.445654
0.451993
0.454843
0.455935
0.459531
0.455485
0.459851
0.45351
0.469611
0.462714
0.475822
0.46378
0.466645
0.46016
0.463284
0.469646
0.470122
0.470581
0.466247
0.441156
0.441929
0.441773
0.445584
0.451565
0.453232
0.45134
0.445191
0.445608
0.446978
0.444582
0.441619
0.443011
0.441508
0.447281
0.447322
0.447894
0.444682
0.444059
0.446836
0.438669
0.437855
0.440825
0.441731
0.441417
0.439406
0.441731
0.443955
0.443506
0.442304
0.438963
0.440938
0.439164
0.446453
0.448363
0.452814
0.448794
0.446947
0.455169
0.451316
0.449013
0.441921
0.441521
0.440705
0.440942
0.440509
0.443266
0.44302
0.441077
0.443011
0.437741
0.43762
0.437735
0.436855
0.43702
0.433203
0.432255
0.43326
0.433028
0.43614
0.434507
0.435209
0.436006
0.436362
0.435532
0.438008
0.437169
0.437197
0.433538
0.434897
0.430353
0.430621
0.429715
0.426562
0.431527
0.43252
0.432892
0.431298
0.430495
0.421939
0.420501
0.423597
0.422188
0.422196
0.423659
0.422786
0.421487
0.416979
0.417421
0.416648
0.414221
0.416136
0.418701
0.42246
0.41972
0.417677
0.417426
0.418996
0.423783
0.423602
0.430095
0.428997
0.428521
0.418016
0.42182
0.423123
0.423206
0.426213
0.43605
0.438914
0.432123
0.423651
0.42229
0.422875
0.42324
0.422607
0.422105
0.424084
0.425474
0.423889
0.423525
0.425855
0.428332
0.429983
0.42829
0.429727
0.432587
0.429793
0.428944
0.426975
0.431023
0.428639
0.42628
0.430258
0.430288
0.430206
0.430171
0.428313
0.430686
0.430734
0.428798
0.425328
0.427571
0.426878
0.425978
0.423798
0.424411
0.427969
0.426092
0.426964
0.416613
0.419695
0.420433
0.419405
0.419742
0.428495
0.432243
0.431843
0.42136
0.422546
0.420968
0.419987
0.417054
0.416406
0.416355
0.41602
0.416963
0.41832
0.418751
0.41931
0.415673
0.415597
0.416457
0.41641
0.415727
0.415243
0.418282
0.416501
0.413492
0.41135
0.408458
0.408524
0.409275
0.411396
0.411344
0.412626
0.412253
0.412992
0.414333
0.414091
0.415572
0.419298
0.420433
0.420742
0.419737
0.41807
0.419034
0.419083
0.427541
0.427308
0.426974
0.42217
0.42197
0.421852
0.423097
0.424127
0.425459
0.423586
0.425742
0.426742
0.424171
0.422835
0.423414
0.428019
0.429309
0.428909
0.428609
0.429733
0.428842
0.430503
0.430158
0.432528
0.429761
0.428647
0.429767
0.429825
0.430702
0.430086
0.431094
0.430782
0.430244
0.428711
0.427658
0.428925
0.426129
0.423274
0.423708
0.422064
0.420374
0.420312
0.426571
0.42809
0.427393
0.423173
0.425461
0.428906
0.437955
0.43763
0.442266
0.434869
0.430495
0.438706
0.441674
0.44358
0.439192
0.438023
0.438556
0.434857
0.435513
0.433384
0.437125
0.437191
0.440303
0.431707
0.433309
0.442152
0.440298
0.4385
0.43929
0.438607
0.4255
0.4275
0.428624
0.432047
0.429799
0.423195
0.413407
0.419895
0.432273
0.439286
0.42771
0.41952
0.418285
0.416728
0.414548
0.418238
0.419797
0.421268
0.421577
0.422364
0.426607
0.427377
0.429274
0.420614
0.42133
0.424752
0.419149
0.425764
0.428535
0.42012
0.433225
0.429213
0.444976
0.436766
0.426804
0.415421
0.416761
0.420948
0.393125
0.407159
0.406613
0.412292
0.401886
0.412286
0.440484
0.441459
0.446955
0.427664
0.441011
0.426736
0.447685
0.448072
0.45414
0.43306
0.422576
0.419574
0.411974
0.404191
0.409123
0.413628
0.406501
0.409968
0.397225
0.383904
0.384145
0.386566
0.387488
0.380611
0.388902
0.372082
0.363529
0.373382
0.348207
0.345099
0.336647
0.381902
0.394574
0.382451
0.352341
0.352798
0.373506
0.391152
0.389273
0.358798
0.353778
0.356662
0.371945
0.346468
0.338598
0.346221
0.355192
0.371465
0.366253
0.374259
0.388581
0.39639
0.459103
0.442094
0.446072
0.424409
0.485434
0.47744
0.4733
0.436715
0.469887
0.479845
0.489292
0.471958
0.440547
0.43414
0.481567
0.477464
0.483279
0.457924
0.457893
0.472851
0.493153
0.512269
0.528528
0.514473
0.517147
0.512216
0.511995
0.518889
0.519853
0.53109
0.553575
0.5576
0.561963
0.57232
0.580722
0.565187
0.550564
0.544931
0.570946
0.554035
0.568415
0.545693
0.549063
0.549923
0.548517
0.551643
0.53263
0.527556
0.584776
0.608303
0.60021
0.53911
0.531301
0.571597
0.572771
0.581199
0.576701
0.579557
0.600231
0.61138
0.62357
0.614068
0.636401
0.668259
0.665138
0.6664
0.680901
0.66683
0.655841
0.61131
0.627535
0.621915
0.642815
0.634686
0.599778
0.617348
0.606521
0.594893
0.594215
0.614848
0.64255
0.627275
0.627425
0.598428
0.562429
0.562013
0.56145
0.579022
0.58348
0.616281
0.616647
0.6165
0.568228
0.559404
0.516809
0.517033
0.514737
0.508899
0.51619
0.526046
0.561146
0.537858
0.545617
0.52008
0.509773
0.492064
0.493003
0.497243
0.522611
0.51636
0.523256
0.533267
0.544578
0.537066
0.482989
0.483403
0.479471
0.485322
0.508901
0.521555
0.522919
0.493048
0.497022
0.516005
0.520384
0.511653
0.512659
0.498908
0.50489
0.502451
0.49775
0.521702
0.521727
0.525265
0.496959
0.512222
0.503463
0.499852
0.51971
0.544601
0.553118
0.549215
0.544379
0.545276
0.528942
0.546659
0.538887
0.555478
0.528682
0.525321
0.515682
0.516817
0.543295
0.554754
0.538611
0.50522
0.511297
0.521898
0.521743
0.5225
0.527163
0.536812
0.550254
0.545105
0.54079
0.531343
0.53001
0.534504
0.531874
0.520163
0.51557
0.50603
0.518097
0.51863
0.496399
0.47775
0.479337
0.50895
0.523284
0.518506
0.510063
0.517389
0.531487
0.522578
0.503014
0.494129
0.490582
0.482145
0.488497
0.47211
0.466133
0.454292
0.468668
0.465447
0.454321
0.441923
0.453891
0.456727
0.460642
0.478114
0.4832
0.464558
0.457319
0.443141
0.412684
0.415444
0.423996
0.434466
0.426826
0.423223
0.436895
0.43081
0.428853
0.424434
0.430846
0.435808
0.430631
0.422044
0.41738
0.415047
0.415423
0.432214
0.450491
0.44996
0.444777
0.45425
0.459689
0.452863
0.444791
0.452519
0.464097
0.476513
0.463265
0.446716
0.43303
0.42852
0.43877
0.432873
0.417623
0.420968
0.442993
0.449101
0.450747
0.449125
0.430383
0.438707
0.43688
0.457442
0.457177
0.465556
0.453705
0.452467
0.457366
0.461565
0.454925
0.440103
0.441368
0.436371
0.439503
0.434914
0.424084
0.440145
0.436067
0.435023
0.418914
0.41534
0.413198
0.427822
0.440234
0.451483
0.452797
0.45281
0.441479
0.454372
0.476537
0.485974
0.464936
0.465356
0.46928
0.463016
0.468867
0.466903
0.453341
0.444781
0.444375
0.442549
0.438715
0.448099
0.424495
0.435306
0.437042
0.458688
0.460857
0.453676
0.45083
0.448812
0.468032
0.460423
0.46397
0.467834
0.481405
0.480766
0.469707
0.467993
0.462711
0.462512
0.452539
0.452974
0.47991
0.472639
0.461702
0.436428
0.431994
0.428086
0.437024
0.446257
0.455176
0.459798
0.459554
0.45517
0.44504
0.455866
0.450329
0.450443
0.446283
0.433472
0.433405
0.429265
0.419183
0.416654
0.415315
0.412322
0.412143
0.414186
0.407462
0.416495
0.420021
0.417283
0.401263
0.404652
0.423319
0.436436
0.446077
0.451692
0.432739
0.445613
0.457662
0.455864
0.46006
0.456868
0.473173
0.492248
0.507566
0.515554
0.492853
0.503449
0.493172
0.509682
0.509213
0.504078
0.498962
0.491995
0.499574
0.484598
0.4726
0.476153
0.483466
0.480872
0.480795
0.478618
0.483413
0.47478
0.478601
0.47981
0.482687
0.496999
0.511487
0.504702
0.508398
0.497601
0.491689
0.495891
0.501192
0.495414
0.473642
0.463767
0.474823
0.469026
0.472112
0.462237
0.457714
0.461377
0.448994
0.466215
0.466049
0.470189
0.451958
0.459991
0.460599
0.458841
0.464355
0.469248
0.462204
0.459373
0.438427
0.441484
0.445287
0.4514
0.448311
0.451291
0.461929
0.477574
0.486171
0.490682
0.451341
0.465969
0.474479
0.476511
0.461824
0.470053
0.470353
0.474181
0.488725
0.49567
0.472885
0.458057
0.460147
0.467562
0.466963
0.469429
0.469234
0.47689
0.484228
0.494656
0.491838
0.487542
0.488504
0.48124
0.479592
0.478376
0.478286
0.478102
0.464069
0.468173
0.458772
0.457735
0.475705
0.472659
0.499051
0.496136
0.499583
0.488767
0.476027
0.478671
0.480043
0.47436
0.465539
0.465673
0.467422
0.466877
0.474026
0.490297
0.48741
0.503316
0.508493
0.515131
0.507923
0.499754
0.498723
0.509843
0.501985
0.496316
0.492988
0.492491
0.49197
0.497138
0.490998
0.498582
0.491025
0.490883
0.500548
0.498563
0.502551
0.487569
0.491135
0.474796
0.488273
0.483433
0.485637
0.476146
0.486509
0.487248
0.499621
0.494652
0.497455
0.494825
0.484118
0.487773
0.490854
0.495763
0.490386
0.487751
0.502719
0.489334
0.492615
0.493607
0.495001
0.495495
0.494092
0.503192
0.496262
0.5146
0.519967
0.512922
0.54956
0.554421
0.564567
0.554038
0.556292
0.543608
0.559496
0.562233
0.567106
0.575231
0.582454
0.557372
0.560713
0.571579
0.558234
0.549514
0.550919
0.54631
0.558408
0.567711
0.556207
0.542668
0.559615
0.57181
0.599069
0.588918
0.589484
0.578702
0.579899
0.578103
0.579985
0.581341
0.575666
0.58083
0.593871
0.590067
0.594784
0.593807
0.593195
0.594861
0.590436
0.619892
0.624605
0.624234
0.597749
0.594581
0.595364
0.599054
0.603025
0.598417
0.594323
0.595123
0.606375
0.616242
0.616106
0.617395
0.629184
0.626467
0.624175
0.637817
0.644702
0.648024
0.648761
0.672934
0.686073
0.667461
0.662284
0.661679
0.661925
0.678469
0.673415
0.67567
0.673315
0.672144
0.672358
0.685506
0.706082
0.709911
0.703152
0.699884
0.709749
0.717004
0.712187
0.713179
0.706449
0.703913
0.71234
0.715164
0.721708
0.715075
0.730524
0.733469
0.735685
0.725593
0.72466
0.709692
0.713603
0.721561
0.736995
0.731342
0.725746
0.726048
0.729966
0.742258
0.73019
0.717444
0.70047
0.712681
0.727174
0.732423
0.774129
0.784946
0.774483
0.783401
0.761103
0.76576
0.793811
0.791297
0.797051
0.79133
0.814692
0.833535
0.83286
0.805996
0.808366
0.811978
0.825444
0.819352
0.810428
0.810244
0.802532
0.819069
0.829746
0.831238
0.816783
0.82285
0.819863
0.846019
0.825325
0.831851
0.802621
0.794836
0.784763
0.829963
0.82828
0.830208
0.802662
0.811563
0.842726
0.836959
0.849031
0.82047
0.827052
0.853119
0.859523
0.856102
0.859083
0.848925
0.862402
0.863193
0.882348
0.893075
0.899784
0.892779
0.903407
0.934045
0.932654
0.928612
0.912433
0.898083
0.895208
0.88335
0.882109
0.856099
0.845432
0.85699
0.85474
0.860989
0.866225
0.857282
0.836403
0.830538
0.833833
0.832825
0.855901
0.854204
0.831329
0.808651
0.805939
0.798251
0.793977
0.797235
0.812901
0.810658
0.802868
0.79556
0.793763
0.795306
0.803994
0.787127
0.780517
0.799801
0.821019
0.825124
0.818834
0.811224
0.79729
0.800408
0.815171
0.821795
0.823644
0.785366
0.789026
0.786032
0.789845
0.804493
0.802024
0.789573
0.790238
0.807082
0.839411
0.825796
0.812036
0.816439
0.826342
0.82519
0.838315
0.827958
0.835657
0.834931
0.833433
0.837838
0.858076
0.856527
0.834226
0.847109
0.8702
0.8752
0.854256
0.851363
0.827274
0.832769
0.824103
0.832452
0.828557
0.835321
0.845175
0.837696
0.835611
0.826422
0.826974
0.824716
0.82659
0.803408
0.812457
0.820456
0.833164
0.818459
0.801454
0.792375
0.780196
0.783576
0.772048
0.774602
0.800066
0.825722
0.853694
0.843126
0.833339
0.843185
0.841773
0.840552
0.825259
0.829538
0.85001
0.86733
0.864264
0.848326
0.83777
0.840228
0.849693
0.848228
0.849311
0.854203
0.861985
0.869036
0.862108
0.840361
0.841798
0.846001
0.829082
0.834839
0.817939
0.824863
0.819634
0.815518
0.810496
0.811848
0.811659
0.827848
0.806265
0.804952
0.795702
0.796722
0.8244
0.861193
0.884476
0.861451
0.837445
0.831506
0.827449
0.794027
0.787518
0.797157
0.802139
0.79838
0.81219
0.814242
0.836512
0.821035
0.824037
0.779409
0.790421
0.799652
0.809369
0.824882
0.816168
0.818514
0.817806
0.792264
0.795354
0.802653
0.803698
0.785212
0.788114
0.797509
0.804757
0.799636
0.804132
0.814771
0.805419
0.802275
0.79484
0.781918
0.783843
0.779258
0.791558
0.786033
0.774881
0.780633
0.824257
0.828613
0.829243
0.804341
0.795945
0.811048
0.803907
0.836372
0.815393
0.807284
0.798765
0.790612
0.806777
0.823123
0.821272
0.810862
0.808036
0.822998
0.828518
0.819724
0.790553
0.788391
0.794901
0.786583
0.777228
0.782204
0.803973
0.80112
0.787564
0.77895
0.762299
0.769845
0.764321
0.7555
0.755643
0.755449
0.758482
0.749282
0.751547
0.738364
0.721469
0.725158
0.715072
0.714751
0.721135
0.713307
0.706415
0.704845
0.730744
0.740627
0.712657
0.70941
0.71598
0.714776
0.7128
0.693849
0.687427
0.670449
0.682671
0.690222
0.677244
0.69352
0.666697
0.681231
0.672014
0.687275
0.684797
0.688053
0.692953
0.679265
0.674032
0.6683
0.667711
0.654599
0.651061
0.65954
0.652434
0.643986
0.659328
0.668447
0.625295
0.614776
0.615746
0.616473
0.617985
0.620293
0.614222
0.620942
0.611513
0.615616
0.536158
0.532765
0.530278
0.527085
0.535057
0.520322
0.516248
0.515704
0.498552
0.48598
0.444758
0.438942
0.451202
0.441258
0.442384
0.446645
0.451113
0.456856
0.45728
0.462374
0.42668
0.418768
0.413997
0.411804
0.404214
0.417706
0.4231
0.431673
0.437673
0.436528
0.394101
0.383238
0.389793
0.396629
0.401077
0.399772
0.392526
0.381279
0.374204
0.380163
0.370333
0.37557
0.374923
0.346196
0.341198
0.358131
0.360394
0.362832
0.338632
0.352258
0.326676
0.325616
0.318267
0.311864
0.316356
0.325074
0.329876
0.334708
0.335735
0.329576
0.212312
0.25281
0.265801
0.187644
0.1949
0.189842
0.183859
0.21765
0.324387
0.357466
0.373802
0.281712
0.257888
0.284786
0.341036
0.400971
0.406702
0.440941
0.420793
0.424816
0.413522
0.43507
0.438379
0.344069
0.344997
0.349287
0.350272
0.352582
0.449327
0.5042
0.501921
0.419941
0.324507
0.330658
0.299966
0.303416
0.301923
0.337651
0.34109
0.342043
0.371454
0.366265
0.364522
0.368973
0.373912
0.375443
0.393333
0.395204
0.39857
0.385477
0.381438
0.380371
0.38432
0.375736
0.373802
0.374671
0.378862
0.385438
0.381401
0.380967
0.349717
0.350665
0.34761
0.349463
0.358283
0.355104
0.356265
0.350259
0.350553
0.354448
0.352641
0.351126
0.350043
0.350052
0.351311
0.351192
0.352227
0.356339
0.359522
0.36013
0.355035
0.355093
0.35653
0.356624
0.355782
0.354346
0.359757
0.359971
0.360498
0.356062
0.353838
0.353704
0.354148
0.354426
0.35524
0.354582
0.351091
0.3513
0.353651
0.35247
0.346722
0.350793
0.350871
0.350777
0.345211
0.345199
0.352486
0.354185
0.355107
0.344111
0.336038
0.338822
0.338408
0.33777
0.337504
0.337634
0.338255
0.337691
0.338834
0.339427
0.330663
0.328464
0.329068
0.331946
0.330012
0.328276
0.330602
0.330425
0.330506
0.334235
0.331424
0.332504
0.332673
0.334484
0.333929
0.334117
0.339684
0.339304
0.339714
0.344278
0.346415
0.344939
0.343507
0.343439
0.343686
0.343207
0.343153
0.343365
0.343905
0.341942
0.341852
0.341468
0.345078
0.346066
0.34798
0.347021
0.345509
0.347389
0.347915
0.344598
0.345883
0.345666
0.34697
0.346969
0.349381
0.350518
0.350147
0.349431
0.349539
0.349855
0.348984
0.347291
0.3435
0.343402
0.340922
0.339559
0.339245
0.339203
0.340353
0.339429
0.336684
0.333163
0.332017
0.334374
0.337891
0.339586
0.339088
0.337003
0.334148
0.331968
0.328003
0.326538
0.324559
0.325694
0.325992
0.327171
0.328739
0.329066
0.32923
0.328835
0.326776
0.325841
0.325589
0.32628
0.32572
0.326632
0.327428
0.327684
0.328648
0.32813
0.325556
0.32439
0.32264
0.324932
0.326126
0.326713
0.323563
0.322365
0.323323
0.32689
0.327336
0.328408
0.327753
0.328996
0.328652
0.329024
0.338904
0.342485
0.340699
0.329713
0.328821
0.331907
0.333525
0.334145
0.33494
0.335605
0.341184
0.339389
0.339062
0.340903
0.332766
0.332195
0.330303
0.330578
0.330511
0.331255
0.332075
0.332814
0.333967
0.334373
0.333272
0.332526
0.333899
0.340788
0.339967
0.339534
0.33536
0.333882
0.334203
0.337204
0.339292
0.348902
0.348367
0.348592
0.339786
0.33861
0.338424
0.337007
0.338806
0.335871
0.333137
0.333809
0.336334
0.339153
0.339151
0.3398
0.34062
0.339938
0.339518
0.339037
0.336581
0.339817
0.338406
0.335314
0.331578
0.332849
0.333409
0.335968
0.33744
0.337548
0.335694
0.336957
0.338302
0.328281
0.328992
0.331501
0.335204
0.337749
0.348332
0.347504
0.343578
0.33517
0.337514
0.339245
0.343904
0.341696
0.342006
0.340838
0.342825
0.344524
0.346502
0.341399
0.343947
0.345226
0.346358
0.343366
0.343596
0.34562
0.346089
0.358254
0.349734
0.350586
0.340648
0.341837
0.342731
0.341975
0.345448
0.346495
0.349501
0.359375
0.360262
0.357967
0.354096
0.356848
0.356855
0.348912
0.357191
0.359082
0.360349
0.351798
0.351241
0.359419
0.360679
0.364001
0.354794
0.357645
0.352234
0.351935
0.349569
0.34681
0.35321
0.352301
0.346276
0.344792
0.340934
0.347234
0.348451
0.341559
0.33847
0.33933
0.345854
0.352463
0.357045
0.358605
0.353958
0.353128
0.350273
0.356959
0.346347
0.357593
0.331624
0.337268
0.326794
0.331417
0.339979
0.339913
0.327282
0.337783
0.340711
0.346092
0.342879
0.335721
0.337679
0.330751
0.326859
0.335208
0.331768
0.336134
0.32679
0.32782
0.311371
0.324104
0.328452
0.322311
0.317962
0.336247
0.338428
0.342786
0.343428
0.349485
0.34956
0.336582
0.339383
0.341181
0.322945
0.329328
0.355835
0.358858
0.364662
0.342101
0.346555
0.358523
0.337712
0.348905
0.357207
0.386836
0.387143
0.376163
0.345625
0.346112
0.368602
0.355943
0.391432
0.409536
0.420604
0.419053
0.409475
0.407785
0.424675
0.424539
0.448879
0.409966
0.434388
0.432078
0.442309
0.434399
0.460637
0.484837
0.495212
0.492213
0.483974
0.512188
0.487557
0.541128
0.541197
0.571986
0.544554
0.582312
0.567863
0.56044
0.530033
0.537114
0.544131
0.573873
0.580668
0.592124
0.558361
0.539465
0.536564
0.545941
0.52571
0.517759
0.523587
0.540413
0.544003
0.560701
0.564073
0.555729
0.57947
0.590383
0.588992
0.584476
0.580611
0.569837
0.566565
0.581313
0.602858
0.621753
0.602764
0.624217
0.632961
0.643324
0.627927
0.662608
0.687909
0.674743
0.678389
0.675679
0.682677
0.664461
0.650511
0.6464
0.63923
0.618563
0.630594
0.635472
0.639219
0.621246
0.630791
0.633648
0.631734
0.614743
0.628534
0.609526
0.616673
0.612428
0.624708
0.644756
0.650113
0.631339
0.568869
0.58745
0.616007
0.604406
0.620596
0.616559
0.626237
0.640004
0.633291
0.621413
0.557945
0.59347
0.647728
0.629931
0.607723
0.556751
0.566837
0.564911
0.600951
0.602726
0.591869
0.553872
0.534186
0.547394
0.54664
0.572484
0.55176
0.548741
0.541187
0.538556
0.516926
0.520856
0.516159
0.523062
0.532207
0.546577
0.53476
0.533167
0.512809
0.521662
0.537288
0.55694
0.551891
0.550201
0.545138
0.559354
0.563037
0.56638
0.567074
0.564579
0.564327
0.558734
0.586455
0.59895
0.605716
0.595179
0.611437
0.620338
0.641236
0.641697
0.611486
0.622457
0.620586
0.60923
0.607815
0.626758
0.626764
0.626262
0.590379
0.602079
0.590003
0.587597
0.585994
0.57563
0.557941
0.529743
0.541544
0.540989
0.537663
0.560267
0.570738
0.574019
0.544974
0.530812
0.544665
0.555105
0.561887
0.547675
0.533051
0.528632
0.517326
0.532897
0.537974
0.547921
0.538068
0.535944
0.540778
0.535391
0.538409
0.525951
0.529436
0.524873
0.519772
0.516333
0.492466
0.498202
0.48049
0.482783
0.48495
0.493939
0.489329
0.487192
0.499579
0.49159
0.48498
0.485577
0.481006
0.482808
0.474456
0.473225
0.461796
0.467264
0.460659
0.472707
0.464935
0.468828
0.455643
0.462552
0.462752
0.456873
0.431894
0.428052
0.442229
0.448307
0.465892
0.460184
0.468707
0.469448
0.470244
0.476078
0.470311
0.482468
0.481907
0.480574
0.480927
0.475807
0.480872
0.487464
0.478427
0.491603
0.479041
0.474227
0.466738
0.468239
0.451899
0.425936
0.414433
0.419951
0.435885
0.435612
0.447717
0.450539
0.445712
0.45775
0.467743
0.469914
0.46732
0.447657
0.454721
0.454681
0.456423
0.463386
0.473566
0.472704
0.471072
0.467541
0.465722
0.467089
0.456335
0.461918
0.457932
0.450967
0.450247
0.46736
0.461394
0.46175
0.457807
0.47106
0.501148
0.499619
0.487045
0.467497
0.464455
0.480138
0.491901
0.489149
0.46848
0.459718
0.456159
0.45901
0.463071
0.462545
0.461785
0.443994
0.439137
0.430557
0.436246
0.438273
0.424634
0.4245
0.427556
0.438532
0.446205
0.44799
0.460377
0.453184
0.457466
0.450966
0.440175
0.424443
0.42021
0.420954
0.415762
0.420313
0.417292
0.433686
0.439067
0.436276
0.415992
0.413469
0.447884
0.437623
0.434735
0.411659
0.394856
0.406053
0.416837
0.422394
0.413132
0.420716
0.432593
0.442829
0.431753
0.409924
0.404919
0.406175
0.407258
0.408643
0.424699
0.406043
0.402408
0.400386
0.407369
0.421104
0.439478
0.448163
0.439519
0.441374
0.454013
0.44764
0.458479
0.452074
0.473759
0.476362
0.483429
0.478125
0.474098
0.47504
0.462382
0.484814
0.480997
0.481201
0.470021
0.465608
0.454716
0.46527
0.48042
0.482632
0.478537
0.482626
0.472244
0.462672
0.446393
0.46195
0.4722
0.476001
0.445221
0.422802
0.430107
0.437726
0.443648
0.455725
0.461763
0.457207
0.453494
0.479336
0.488911
0.485796
0.481405
0.47504
0.445878
0.457359
0.461792
0.449038
0.454216
0.467905
0.484938
0.484881
0.480328
0.483195
0.466847
0.480026
0.48202
0.489919
0.481095
0.476193
0.477458
0.474955
0.476693
0.458429
0.457952
0.467596
0.485104
0.481178
0.475938
0.47052
0.472698
0.460644
0.449454
0.46324
0.457941
0.462953
0.453815
0.451262
0.451608
0.461367
0.464816
0.476028
0.495269
0.502198
0.497461
0.480609
0.501618
0.499303
0.5063
0.499133
0.509169
0.506979
0.500943
0.492994
0.486211
0.495205
0.480926
0.495638
0.517065
0.515738
0.518896
0.507222
0.4928
0.48772
0.487703
0.497681
0.488279
0.48179
0.477986
0.473045
0.474244
0.476921
0.488302
0.494905
0.498455
0.499058
0.507125
0.510615
0.51016
0.519881
0.523435
0.528303
0.537149
0.539942
0.501221
0.493331
0.499285
0.508052
0.506443
0.494042
0.473287
0.474701
0.492921
0.483887
0.465778
0.453758
0.461889
0.457327
0.463485
0.46477
0.469836
0.465878
0.461672
0.471142
0.483692
0.494967
0.52224
0.530886
0.523832
0.521547
0.521626
0.512377
0.511461
0.507674
0.507903
0.508984
0.505783
0.519802
0.500505
0.506299
0.505669
0.504532
0.515258
0.501176
0.520345
0.521301
0.522707
0.504874
0.500675
0.499915
0.492591
0.487471
0.46919
0.479967
0.516265
0.522456
0.510768
0.51903
0.516446
0.512669
0.522839
0.528884
0.53568
0.530562
0.531128
0.533654
0.53552
0.540364
0.549242
0.554233
0.548328
0.549492
0.570894
0.562398
0.547989
0.554409
0.567354
0.582043
0.572186
0.55964
0.556239
0.551793
0.558696
0.560593
0.577338
0.572354
0.5777
0.582756
0.584163
0.587705
0.598215
0.595343
0.598797
0.597287
0.62617
0.634705
0.627481
0.611612
0.601165
0.5972
0.603414
0.61422
0.620347
0.605578
0.609902
0.63078
0.642488
0.644799
0.639204
0.637707
0.636612
0.628146
0.629655
0.629967
0.639134
0.638285
0.646444
0.651738
0.659851
0.64439
0.65976
0.659599
0.661268
0.668569
0.664817
0.663373
0.665626
0.658548
0.665223
0.663259
0.680292
0.69935
0.707516
0.70246
0.722552
0.71007
0.720757
0.729006
0.738616
0.732322
0.745267
0.75314
0.765035
0.759169
0.771302
0.764611
0.760139
0.77634
0.776387
0.784369
0.780571
0.778548
0.7748
0.778843
0.788953
0.791476
0.794595
0.80739
0.81586
0.837684
0.806688
0.806429
0.805591
0.800606
0.819681
0.830346
0.84991
0.868006
0.861743
0.84483
0.848877
0.83029
0.839225
0.825625
0.810011
0.800933
0.804369
0.809792
0.816398
0.818191
0.817137
0.827281
0.814088
0.790694
0.809195
0.80246
0.799515
0.803243
0.798335
0.79363
0.807897
0.825786
0.817267
0.814745
0.821109
0.837469
0.825472
0.810953
0.826662
0.823075
0.825193
0.818035
0.833915
0.827973
0.822785
0.814099
0.829045
0.838074
0.850969
0.830346
0.835491
0.828893
0.834917
0.814098
0.821826
0.823549
0.833523
0.834896
0.849902
0.845663
0.842813
0.835836
0.852704
0.868873
0.862991
0.85131
0.845018
0.837788
0.8419
0.850912
0.844888
0.858477
0.853868
0.849621
0.835077
0.838135
0.843255
0.835725
0.841019
0.868857
0.871893
0.878367
0.886534
0.882985
0.864311
0.852484
0.861386
0.88662
0.874989
0.873669
0.872321
0.865422
0.846461
0.856431
0.878573
0.870056
0.866072
0.848897
0.840694
0.841631
0.836819
0.849864
0.856969
0.86433
0.86011
0.830886
0.816402
0.795255
0.78909
0.808322
0.814334
0.833326
0.806416
0.794473
0.792259
0.82017
0.814988
0.849983
0.836946
0.831469
0.809016
0.782849
0.772818
0.746736
0.785744
0.784879
0.799205
0.800132
0.80322
0.807014
0.804595
0.780069
0.794685
0.798651
0.802935
0.790526
0.804051
0.797256
0.807241
0.803696
0.795393
0.805665
0.819507
0.825224
0.808849
0.819367
0.802478
0.79013
0.792265
0.813717
0.813307
0.823452
0.826706
0.827149
0.793419
0.784213
0.774107
0.801649
0.795148
0.816673
0.80429
0.820209
0.821457
0.829036
0.832107
0.84086
0.829083
0.850324
0.843086
0.854427
0.837047
0.841471
0.821623
0.819824
0.833015
0.85854
0.857986
0.845265
0.836319
0.834366
0.82498
0.830729
0.841454
0.839158
0.827702
0.795037
0.798877
0.805171
0.812871
0.796033
0.813222
0.814726
0.823428
0.824315
0.811103
0.827849
0.826153
0.820781
0.809886
0.804778
0.82454
0.841142
0.852163
0.841705
0.839485
0.83564
0.826829
0.817139
0.823312
0.836194
0.831082
0.818353
0.802209
0.818626
0.814147
0.816898
0.790673
0.796169
0.801097
0.799266
0.81505
0.799247
0.792919
0.78105
0.784062
0.788998
0.782107
0.77948
0.785446
0.795987
0.821334
0.827515
0.853943
0.838281
0.842309
0.825261
0.811899
0.817775
0.809881
0.829997
0.857635
0.857507
0.853987
0.856973
0.85245
0.852023
0.832894
0.80868
0.79962
0.792049
0.809286
0.814511
0.82513
0.861728
0.854799
0.833856
0.793068
0.787527
0.793085
0.787232
0.781658
0.774492
0.776317
0.781247
0.753454
0.774402
0.758235
0.742998
0.742707
0.766602
0.760021
0.75039
0.757607
0.746655
0.734549
0.73388
0.74803
0.762598
0.759736
0.763816
0.757697
0.751484
0.732759
0.706535
0.686902
0.684914
0.703482
0.742873
0.7309
0.730062
0.717431
0.718814
0.710838
0.703143
0.685654
0.684328
0.679944
0.687892
0.68283
0.694806
0.697084
0.713378
0.711151
0.727663
0.696282
0.696053
0.682055
0.681311
0.689833
0.688674
0.688708
0.695132
0.686713
0.702232
0.662304
0.673552
0.686395
0.678262
0.678464
0.67229
0.662503
0.646858
0.635101
0.663539
0.630072
0.656101
0.626006
0.630815
0.607179
0.605489
0.610399
0.602796
0.602602
0.590532
0.51182
0.505059
0.515564
0.519094
0.517202
0.505535
0.525281
0.523103
0.532971
0.52042
0.492165
0.492194
0.507324
0.50342
0.507774
0.492422
0.512548
0.522492
0.512645
0.515765
0.459849
0.452347
0.434054
0.425998
0.422964
0.418931
0.433339
0.442357
0.442332
0.436555
0.387693
0.380284
0.376097
0.380529
0.37712
0.379733
0.3776
0.39453
0.400849
0.399963
0.355086
0.376082
0.384602
0.382252
0.350613
0.363222
0.356769
0.356681
0.347729
0.363531
0.314374
0.320697
0.318933
0.32104
0.304796
0.319569
0.30865
0.310186
0.298508
0.303017
